0.0009119510650634766
0.0007436275482177734
0.000812530517578125
0.0007469654083251953
0.0007333755493164062
0.0007145404815673828
0.0006785392761230469
0.0007619857788085938
0.0006761550903320312
0.0007274150848388672
0.000713348388671875
0.0007510185241699219
0.0007054805755615234
0.0007572174072265625
0.0006878376007080078
0.0007123947143554688
0.0006952285766601562
0.0007076263427734375
0.0007376670837402344
0.0007650852203369141
0.0007112026214599609
0.0007352828979492188
0.0007140636444091797
0.000782012939453125
0.0007843971252441406
0.0007050037384033203
0.0007529258728027344
0.0006823539733886719
0.0007190704345703125
0.0007183551788330078
0.0007500648498535156
0.0007064342498779297
0.0007843971252441406
0.0007200241088867188
0.0007290840148925781
0.0007321834564208984
0.0007202625274658203
0.0007588863372802734
0.000766754150390625
0.0006990432739257812
0.0007414817810058594
0.0007238388061523438
0.0007383823394775391
0.0007181167602539062
0.0006856918334960938
0.0007448196411132812
0.0007293224334716797
0.0007603168487548828
0.0007238388061523438
0.0006976127624511719
0.0007250308990478516
0.0007169246673583984
0.00072479248046875
0.0007145404815673828
0.0007584095001220703
0.0007429122924804688
0.0006885528564453125
0.0007202625274658203
0.0006859302520751953
0.0007028579711914062
0.0007100105285644531
0.0007305145263671875
0.0007159709930419922
0.0007457733154296875
0.0007092952728271484
0.0006723403930664062
0.0006997585296630859
0.0007333755493164062
0.0007574558258056641
0.0007162094116210938
0.0007014274597167969
0.0007901191711425781
0.0007374286651611328
0.0006546974182128906
0.0007486343383789062
0.0007030963897705078
0.0007116794586181641
0.000698089599609375
0.0007300376892089844
0.0007634162902832031
0.0006976127624511719
0.0007107257843017578
0.0007402896881103516
0.000736236572265625
0.0007529258728027344
0.0006952285766601562
0.0006890296936035156
0.0006856918334960938
0.0007295608520507812
0.0007188320159912109
0.0006804466247558594
0.0007266998291015625
0.0007624626159667969
0.0007126331329345703
0.0006468296051025391
0.0007283687591552734
0.0007474422454833984
0.0007271766662597656
0.0006749629974365234
0.0007793903350830078
0.0007035732269287109
0.0006883144378662109
0.0007870197296142578
0.0007038116455078125
0.0007104873657226562
0.0006895065307617188
0.0007181167602539062
0.0006349086761474609
0.0007374286651611328
0.0007486343383789062
0.0007092952728271484
0.0006868839263916016
0.000644683837890625
0.0007534027099609375
0.0006890296936035156
0.0007104873657226562
0.0007948875427246094
0.0007634162902832031
0.0007112026214599609
0.0007135868072509766
0.0006999969482421875
0.0006783008575439453
0.0007839202880859375
0.0006990432739257812
0.0007154941558837891
0.0007131099700927734
0.0006663799285888672
0.00074005126953125
0.0007212162017822266
0.0007336139678955078
0.0006990432739257812
0.0006866455078125
0.0006873607635498047
0.000732421875
0.0006768703460693359
0.0006997585296630859
0.0006999969482421875
0.0007495880126953125
0.0007703304290771484
0.0007472038269042969
0.000759124755859375
0.0007634162902832031
0.0007548332214355469
0.000667572021484375
0.0006747245788574219
0.0007166862487792969
0.0007529258728027344
0.0007078647613525391
0.0007383823394775391
0.0006806850433349609
0.0007691383361816406
0.0007274150848388672
0.0007288455963134766
0.0006525516510009766
0.0006728172302246094
0.0007379055023193359
0.0007233619689941406
0.0007803440093994141
0.0007123947143554688
0.0007162094116210938
0.0006277561187744141
0.0006997585296630859
0.0007014274597167969
0.000705718994140625
0.0007388591766357422
0.0006625652313232422
0.0007371902465820312
0.0007100105285644531
0.000629425048828125
0.0007147789001464844
0.0007369518280029297
0.0006864070892333984
0.0006887912750244141
0.0007150173187255859
0.0007319450378417969
0.0007092952728271484
0.0006475448608398438
0.0007233619689941406
0.0006649494171142578
0.00070953369140625
0.0006847381591796875
0.0007145404815673828
0.0007123947143554688
0.0007166862487792969
0.0007121562957763672
0.0007939338684082031
0.0006935596466064453
0.000751495361328125
0.0006990432739257812
0.00064849853515625
0.0007259845733642578
0.0007066726684570312
0.0007033348083496094
0.0007066726684570312
0.0007231235504150391
0.0007131099700927734
0.0006771087646484375
0.0007526874542236328
0.0007224082946777344
0.0006873607635498047
0.0007359981536865234
0.0007548332214355469
0.0006794929504394531
0.0007007122039794922
0.000701904296875
0.0007512569427490234
0.0007164478302001953
0.0006885528564453125
0.000782012939453125
0.0007219314575195312
0.0007429122924804688
0.0007419586181640625
0.0007064342498779297
0.0007627010345458984
0.0006806850433349609
0.0007154941558837891
0.0007319450378417969
0.0006833076477050781
0.0007660388946533203
0.0007398128509521484
0.0007152557373046875
0.0007421970367431641
0.0006732940673828125
0.0007200241088867188
0.0007429122924804688
0.0007205009460449219
0.0007266998291015625
0.0007011890411376953
0.00074005126953125
0.0007526874542236328
0.0006604194641113281
0.0007565021514892578
0.0007147789001464844
0.0007011890411376953
0.0007293224334716797
0.0007481575012207031
0.0007538795471191406
0.0007371902465820312
0.0007369518280029297
0.0007426738739013672
0.0007181167602539062
0.0006992816925048828
0.0006678104400634766
0.0007355213165283203
0.0006809234619140625
0.0006771087646484375
0.0007238388061523438
0.0007352828979492188
0.0006754398345947266
0.0006771087646484375
0.0007536411285400391
0.0006949901580810547
0.0007441043853759766
0.0006906986236572266
0.0007157325744628906
0.0007390975952148438
0.0007116794586181641
0.0007166862487792969
0.0007557868957519531
0.0007061958312988281
0.0007269382476806641
0.0007350444793701172
0.0006868839263916016
0.0007104873657226562
0.0007343292236328125
0.0007231235504150391
0.0007123947143554688
0.0006985664367675781
0.0006616115570068359
0.0007371902465820312
0.0007190704345703125
0.0007054805755615234
0.0006840229034423828
0.0007526874542236328
0.0007977485656738281
0.00066375732421875
0.0007276535034179688
0.0008022785186767578
0.000762939453125
0.0007183551788330078
0.0007429122924804688
0.0007717609405517578
0.0007338523864746094
0.0006930828094482422
0.0007262229919433594
0.0006587505340576172
0.0007567405700683594
0.0007028579711914062
0.0006895065307617188
0.0007202625274658203
0.0007607936859130859
0.0007457733154296875
0.0007174015045166016
0.0007145404815673828
0.0007278919219970703
0.0007188320159912109
0.0007596015930175781
0.0006959438323974609
0.0007252693176269531
0.0006880760192871094
0.0007128715515136719
0.0007131099700927734
0.0006592273712158203
0.0007326602935791016
0.0007431507110595703
0.0007343292236328125
0.0006785392761230469
0.0007464885711669922
0.0007305145263671875
0.0007669925689697266
0.000736236572265625
0.0006778240203857422
0.0007712841033935547
0.0006830692291259766
0.0007576942443847656
0.0007741451263427734
0.0007050037384033203
0.0006778240203857422
0.0007038116455078125
0.0007464885711669922
0.0006847381591796875
0.0006997585296630859
0.0006992816925048828
0.000698089599609375
0.0007483959197998047
0.0007245540618896484
0.0007419586181640625
0.0006880760192871094
0.000732421875
0.0007562637329101562
0.0007159709930419922
0.0006864070892333984
0.0007543563842773438
0.0007123947143554688
0.0007090568542480469
0.0007157325744628906
0.0007359981536865234
0.0007462501525878906
0.0006823539733886719
0.000720977783203125
0.0007479190826416016
0.0007429122924804688
0.0007228851318359375
0.0006883144378662109
0.000652313232421875
0.0007276535034179688
0.0007510185241699219
0.0006935596466064453
0.0007033348083496094
0.0006990432739257812
0.0007135868072509766
0.000640869140625
0.0006895065307617188
0.0007174015045166016
0.0006844997406005859
0.0007317066192626953
0.0007331371307373047
0.0007374286651611328
0.0007121562957763672
0.0006661415100097656
0.000713348388671875
0.0007631778717041016
0.0007522106170654297
0.0007350444793701172
0.0006988048553466797
0.0007166862487792969
0.0007572174072265625
0.0006680488586425781
0.0007302761077880859
0.0007734298706054688
0.0007603168487548828
0.0007824897766113281
0.0006947517395019531
0.0007801055908203125
0.0007255077362060547
0.0007193088531494141
0.0006556510925292969
0.0007014274597167969
0.0007686614990234375
0.0007283687591552734
0.0007498264312744141
0.0007562637329101562
0.0006780624389648438
0.0007429122924804688
0.0007402896881103516
0.0007536411285400391
0.0007441043853759766
0.0006818771362304688
0.0007314682006835938
0.0006914138793945312
0.0007512569427490234
0.0007200241088867188
0.0006945133209228516
0.0007123947143554688
0.0007064342498779297
0.0007066726684570312
0.0006890296936035156
0.0007202625274658203
0.0007495880126953125
0.0007474422454833984
0.0007371902465820312
0.0007202625274658203
0.000728607177734375
0.0006413459777832031
0.0006518363952636719
0.0006995201110839844
0.0007724761962890625
0.0006916522979736328
0.0006639957427978516
0.0007123947143554688
0.0007269382476806641
0.0007193088531494141
0.0007350444793701172
0.0007615089416503906
0.0007283687591552734
0.0007090568542480469
0.0007314682006835938
0.0007116794586181641
0.0007898807525634766
0.0007774829864501953
0.0006947517395019531
0.0007393360137939453
0.0007426738739013672
0.0007348060607910156
0.0007007122039794922
0.0007257461547851562
0.0007410049438476562
0.0007181167602539062
0.0007445812225341797
0.0007202625274658203
0.0007214546203613281
0.0006809234619140625
0.000743865966796875
0.0007643699645996094
0.0006668567657470703
0.0006747245788574219
0.0006892681121826172
0.0006651878356933594
0.0007033348083496094
0.0007240772247314453
0.0006897449493408203
0.0006887912750244141
0.0006809234619140625
0.0007028579711914062
0.0007009506225585938
0.0007278919219970703
0.0007317066192626953
0.0007283687591552734
0.0007226467132568359
0.0007154941558837891
0.0006554126739501953
0.0007164478302001953
0.0006899833679199219
0.0007541179656982422
0.0007624626159667969
0.0006883144378662109
0.0007259845733642578
0.00067138671875
0.0007178783416748047
0.0006899833679199219
0.0007081031799316406
0.0007014274597167969
0.0006549358367919922
0.0007476806640625
0.00072479248046875
0.0007476806640625
0.0007481575012207031
0.0007176399230957031
0.0006654262542724609
0.0007317066192626953
0.0006525516510009766
0.0007190704345703125
0.0007338523864746094
0.0007157325744628906
0.0006890296936035156
0.0007250308990478516
0.000743865966796875
0.0007364749908447266
0.00075531005859375
0.0006935596466064453
0.0007097721099853516
0.0006875991821289062
0.0007302761077880859
0.0006947517395019531
0.0007407665252685547
0.0007121562957763672
0.0006916522979736328
0.0007188320159912109
0.0007143020629882812
0.0007052421569824219
0.000728607177734375
0.0006926059722900391
0.0007185935974121094
0.0007491111755371094
0.0007219314575195312
0.0006999969482421875
0.0007557868957519531
0.0007371902465820312
0.0007560253143310547
0.0006897449493408203
0.0006797313690185547
0.0007154941558837891
0.0015184879302978516
0.0017664432525634766
0.0016217231750488281
0.0017082691192626953
0.0018208026885986328
0.0010366439819335938
0.0006906986236572266
0.0006794929504394531
0.0007407665252685547
0.0007269382476806641
0.0007138252258300781
0.0006577968597412109
0.0006842613220214844
0.0007064342498779297
0.0006618499755859375
0.0006394386291503906
0.0006911754608154297
0.0006186962127685547
0.0007059574127197266
0.0006787776947021484
0.0007607936859130859
0.0006747245788574219
0.0007345676422119141
0.0007367134094238281
0.0006697177886962891
0.0007107257843017578
0.0006802082061767578
0.0006847381591796875
0.0006761550903320312
0.0007090568542480469
0.0006604194641113281
0.0007266998291015625
0.0005867481231689453
0.0007333755493164062
0.0006468296051025391
0.0006229877471923828
0.000736236572265625
0.0006382465362548828
0.0006639957427978516
0.0006844997406005859
0.0007064342498779297
0.0006511211395263672
0.0006537437438964844
0.0006573200225830078
0.0007071495056152344
0.0006475448608398438
0.0006802082061767578
0.0006344318389892578
0.0006606578826904297
0.0006721019744873047
0.0006597042083740234
0.0007183551788330078
0.0007266998291015625
0.0007109642028808594
0.0006840229034423828
0.000728607177734375
0.0007507801055908203
0.0006861686706542969
0.0006816387176513672
0.0007677078247070312
0.0006556510925292969
0.0006897449493408203
0.0007760524749755859
0.0007033348083496094
0.0006895065307617188
0.0006749629974365234
0.0007417201995849609
0.0007042884826660156
0.0007305145263671875
0.0007045269012451172
0.0007410049438476562
0.0006515979766845703
0.0006871223449707031
0.0007042884826660156
0.0006558895111083984
0.00067901611328125
0.0007491111755371094
0.0006768703460693359
0.0006530284881591797
0.0006434917449951172
0.0006747245788574219
0.0006935596466064453
0.0006732940673828125
0.0007216930389404297
0.0006937980651855469
0.0006852149963378906
0.0006868839263916016
0.0007059574127197266
0.000705718994140625
0.0006551742553710938
0.0006690025329589844
0.0007450580596923828
0.0006654262542724609
0.000675201416015625
0.0007114410400390625
0.0006902217864990234
0.0006620883941650391
0.0006308555603027344
0.0007467269897460938
0.0007004737854003906
0.0006630420684814453
0.0006649494171142578
0.0006988048553466797
0.0007386207580566406
0.0006647109985351562
0.0006365776062011719
0.0006844997406005859
0.0007283687591552734
0.000698089599609375
0.0006585121154785156
0.000667572021484375
0.0006895065307617188
0.0006768703460693359
0.0006642341613769531
0.0006556510925292969
0.0007064342498779297
0.0007109642028808594
0.0007319450378417969
0.0005946159362792969
0.0006926059722900391
0.0007166862487792969
0.0006697177886962891
0.0006487369537353516
0.0007343292236328125
0.0007021427154541016
0.0007081031799316406
0.0007245540618896484
0.0006699562072753906
0.0006721019744873047
0.0006995201110839844
0.0006906986236572266
0.0007259845733642578
0.000690460205078125
0.0006899833679199219
0.0006406307220458984
0.0006768703460693359
0.0006453990936279297
0.0006592273712158203
0.0006763935089111328
0.0006999969482421875
0.0007517337799072266
0.0006661415100097656
0.00075531005859375
0.0006861686706542969
0.0007023811340332031
0.0007221698760986328
0.0007026195526123047
0.0007278919219970703
0.0006718635559082031
0.0006735324859619141
0.0007388591766357422
0.0006487369537353516
0.000705718994140625
0.0006668567657470703
0.0006875991821289062
0.0006909370422363281
0.0006973743438720703
0.0007128715515136719
0.0006780624389648438
0.0007002353668212891
0.0007178783416748047
0.0007271766662597656
0.0006914138793945312
0.0006780624389648438
0.0006544589996337891
0.0007016658782958984
0.0007393360137939453
0.0006632804870605469
0.0006532669067382812
0.0006647109985351562
0.0006656646728515625
0.0006515979766845703
0.0007014274597167969
0.0006892681121826172
0.0006585121154785156
0.0007419586181640625
0.0006716251373291016
0.0006690025329589844
0.0007016658782958984
0.0007073879241943359
0.0006909370422363281
0.0007040500640869141
0.0007038116455078125
0.0007483959197998047
0.0007174015045166016
0.00067901611328125
0.0006628036499023438
0.0007112026214599609
0.0006661415100097656
0.0007030963897705078
0.0006947517395019531
0.0006754398345947266
0.0007116794586181641
0.0006902217864990234
0.0007145404815673828
0.0007238388061523438
0.0006532669067382812
0.0006785392761230469
0.0006861686706542969
0.0006339550018310547
0.0007021427154541016
0.0006852149963378906
0.0007033348083496094
0.0007128715515136719
0.0006887912750244141
0.0007159709930419922
0.0006349086761474609
0.0006875991821289062
0.0006937980651855469
0.0006768703460693359
0.0007536411285400391
0.0007441043853759766
0.0006847381591796875
0.0006692409515380859
0.0007274150848388672
0.00067138671875
0.0006949901580810547
0.0006458759307861328
0.0007619857788085938
0.0007309913635253906
0.0006766319274902344
0.0006797313690185547
0.0006344318389892578
0.0007536411285400391
0.0006792545318603516
0.0007174015045166016
0.0007135868072509766
0.0006914138793945312
0.0006573200225830078
0.000743865966796875
0.0006306171417236328
0.0006976127624511719
0.0007300376892089844
0.0007054805755615234
0.0007116794586181641
0.0007104873657226562
0.0006814002990722656
0.0006670951843261719
0.0006570816040039062
0.0006988048553466797
0.0006544589996337891
0.0007369518280029297
0.0007522106170654297
0.0006825923919677734
0.0007841587066650391
0.0007355213165283203
0.0006949901580810547
0.0006890296936035156
0.0006792545318603516
0.0007257461547851562
0.0006763935089111328
0.0007512569427490234
0.0006539821624755859
0.0006940364837646484
0.0007410049438476562
0.0006787776947021484
0.0007195472717285156
0.0006554126739501953
0.0006601810455322266
0.0006561279296875
0.0006406307220458984
0.0006055831909179688
0.0006825923919677734
0.0006573200225830078
0.0007112026214599609
0.0006670951843261719
0.0007174015045166016
0.0007143020629882812
0.0006906986236572266
0.0006935596466064453
0.00070953369140625
0.0007147789001464844
0.0006787776947021484
0.0007307529449462891
0.0006883144378662109
0.0006883144378662109
0.0007159709930419922
0.0006926059722900391
0.000701904296875
0.0006985664367675781
0.0007190704345703125
0.0006859302520751953
0.0006661415100097656
0.0007526874542236328
0.0007176399230957031
0.0006761550903320312
0.0006787776947021484
0.0007214546203613281
0.0006911754608154297
0.0006804466247558594
0.0007233619689941406
0.0006921291351318359
0.0006847381591796875
0.0007164478302001953
0.0006403923034667969
0.0007414817810058594
0.0007386207580566406
0.0007140636444091797
0.0007445812225341797
0.0007536411285400391
0.0007104873657226562
0.0006930828094482422
0.0006721019744873047
0.0006549358367919922
0.0006840229034423828
0.0007586479187011719
0.0006537437438964844
0.0008008480072021484
0.0007240772247314453
0.0007708072662353516
0.0007336139678955078
0.0007152557373046875
0.0006778240203857422
0.000640869140625
0.000701904296875
0.0006878376007080078
0.0007071495056152344
0.0006911754608154297
0.0007510185241699219
0.0006926059722900391
0.0006983280181884766
0.0007407665252685547
0.0007195472717285156
0.0006701946258544922
0.0007071495056152344
0.0006661415100097656
0.0007266998291015625
0.0006563663482666016
0.0007331371307373047
0.0006897449493408203
0.0006573200225830078
0.0007405281066894531
0.0007326602935791016
0.0007159709930419922
0.0007035732269287109
0.0006666183471679688
0.0006916522979736328
0.0006744861602783203
0.0007319450378417969
0.0006937980651855469
0.0006697177886962891
0.0007343292236328125
0.0007064342498779297
0.0007266998291015625
0.0007104873657226562
0.0007753372192382812
0.0007309913635253906
0.0006926059722900391
0.0006976127624511719
0.0006639957427978516
0.0006961822509765625
0.0007228851318359375
0.0007066726684570312
0.000732421875
0.0007681846618652344
0.0007352828979492188
0.00074005126953125
0.0006427764892578125
0.0007474422454833984
0.0006945133209228516
0.0006778240203857422
0.0007083415985107422
0.0006716251373291016
0.0007088184356689453
0.0007138252258300781
0.0007348060607910156
0.0006775856018066406
0.0006968975067138672
0.0006363391876220703
0.0007348060607910156
0.0007331371307373047
0.0007524490356445312
0.0007481575012207031
0.0007081031799316406
0.0007050037384033203
0.0006723403930664062
0.0006806850433349609
0.0007240772247314453
0.0006823539733886719
0.0006911754608154297
0.0007236003875732422
0.00070953369140625
0.0006463527679443359
0.0006458759307861328
0.0007069110870361328
0.0006799697875976562
0.0006794929504394531
0.0006644725799560547
0.0007140636444091797
0.0006926059722900391
0.000705718994140625
0.0006439685821533203
0.0006914138793945312
0.000690460205078125
0.0007035732269287109
0.0007052421569824219
0.0007281303405761719
0.0006661415100097656
0.0006539821624755859
0.0007021427154541016
0.0006952285766601562
0.0007159709930419922
0.0006840229034423828
0.0006556510925292969
0.0006690025329589844
0.0006818771362304688
0.0006837844848632812
0.0007030963897705078
0.0006787776947021484
0.0007278919219970703
0.0006687641143798828
0.0006935596466064453
0.0006303787231445312
0.0007042884826660156
0.0007076263427734375
0.0007390975952148438
0.0007300376892089844
0.000652313232421875
0.0006701946258544922
0.0007143020629882812
0.0006563663482666016
0.0006325244903564453
0.0006725788116455078
0.0006456375122070312
0.0006587505340576172
0.0006961822509765625
0.0007278919219970703
0.0006949901580810547
0.0006711483001708984
0.0007464885711669922
0.0007276535034179688
0.0007185935974121094
0.0006909370422363281
0.0006575584411621094
0.0007278919219970703
0.0007319450378417969
0.0007035732269287109
0.0006701946258544922
0.0007145404815673828
0.0007004737854003906
0.0007402896881103516
0.0007302761077880859
0.0006952285766601562
0.0007033348083496094
0.0006706714630126953
0.0006814002990722656
0.000698089599609375
0.0006921291351318359
0.0007293224334716797
0.0006794929504394531
0.0006315708160400391
0.0007045269012451172
0.0007064342498779297
0.0006656646728515625
0.0007412433624267578
0.0007107257843017578
0.0007266998291015625
0.0006654262542724609
0.0007212162017822266
0.0006909370422363281
0.0006668567657470703
0.0006687641143798828
0.0006651878356933594
0.0006847381591796875
0.00074005126953125
0.0006802082061767578
0.0007185935974121094
0.0006933212280273438
0.0006601810455322266
0.0006957054138183594
0.0006616115570068359
0.0007417201995849609
0.0006763935089111328
0.0006797313690185547
0.0007028579711914062
0.0006673336029052734
0.00069427490234375
0.0007185935974121094
0.0006802082061767578
0.0006532669067382812
0.0006775856018066406
0.00072479248046875
0.0006659030914306641
0.0006427764892578125
0.0007283687591552734
0.0007283687591552734
0.0006833076477050781
0.0007479190826416016
0.0006740093231201172
0.0006220340728759766
0.0007188320159912109
0.0007455348968505859
0.0006721019744873047
0.0006883144378662109
0.0006947517395019531
0.0007224082946777344
0.0006830692291259766
0.0007078647613525391
0.0006983280181884766
0.0006961822509765625
0.0006644725799560547
0.0006566047668457031
0.0006573200225830078
0.0006966590881347656
0.0007009506225585938
0.0006968975067138672
0.0006971359252929688
0.0006785392761230469
0.0007040500640869141
0.0006668567657470703
0.0006890296936035156
0.0007331371307373047
0.0006809234619140625
0.0006430149078369141
0.0007030963897705078
0.0006570816040039062
0.0006921291351318359
0.0007107257843017578
0.0006725788116455078
0.0007355213165283203
0.0006470680236816406
0.0006785392761230469
0.0006494522094726562
0.000701904296875
0.0006804466247558594
0.0007061958312988281
0.0007293224334716797
0.0007200241088867188
0.0007522106170654297
0.0007300376892089844
0.0006785392761230469
0.0006937980651855469
0.0007727146148681641
0.0006814002990722656
0.0006959438323974609
0.0007171630859375
0.0006673336029052734
0.0007066726684570312
0.0007116794586181641
0.0006453990936279297
0.0007064342498779297
0.0007200241088867188
0.0006723403930664062
0.0006651878356933594
0.0007212162017822266
0.0006833076477050781
0.0006818771362304688
0.000698089599609375
0.0006949901580810547
0.0007805824279785156
0.0007648468017578125
0.0007216930389404297
0.00069427490234375
0.00069427490234375
0.0006909370422363281
0.0007357597351074219
0.0007658004760742188
0.0006725788116455078
0.0006935596466064453
0.0006918907165527344
0.0007586479187011719
0.0007531642913818359
0.0006816387176513672
0.0006718635559082031
0.0006449222564697266
0.0007014274597167969
0.0006773471832275391
0.0007050037384033203
0.0007688999176025391
0.0007035732269287109
0.0006794929504394531
0.0007669925689697266
0.0007333755493164062
0.0007061958312988281
0.0006918907165527344
0.0007038116455078125
0.0006413459777832031
0.0007174015045166016
0.0007455348968505859
0.0006694793701171875
0.0007050037384033203
0.0006537437438964844
0.0006701946258544922
0.0006804466247558594
0.0006806850433349609
0.0006918907165527344
0.0006575584411621094
0.0007047653198242188
0.0006341934204101562
0.00072479248046875
0.0006780624389648438
0.0006561279296875
0.0007047653198242188
0.0007174015045166016
0.0007252693176269531
0.0007221698760986328
0.0006768703460693359
0.0006952285766601562
0.000736236572265625
0.0006566047668457031
0.0007162094116210938
0.0007004737854003906
0.0007016658782958984
0.0007150173187255859
0.0007069110870361328
0.0007266998291015625
0.0006792545318603516
0.000675201416015625
0.0006663799285888672
0.0007259845733642578
0.0007021427154541016
0.0007162094116210938
0.0006861686706542969
0.0006971359252929688
0.0006775856018066406
0.0006425380706787109
0.0006799697875976562
0.0006811618804931641
0.0006506443023681641
0.0006654262542724609
0.0006434917449951172
0.0007615089416503906
0.000659942626953125
0.0007016658782958984
0.0007212162017822266
0.0006806850433349609
0.0007278919219970703
0.0006508827209472656
0.00069427490234375
0.0007312297821044922
0.0007085800170898438
0.0006954669952392578
0.0006742477416992188
0.0007183551788330078
0.0006780624389648438
0.0006737709045410156
0.0006957054138183594
0.0006551742553710938
0.0006678104400634766
0.0006697177886962891
0.000720977783203125
0.0007393360137939453
0.0006563663482666016
0.0006203651428222656
0.0006654262542724609
0.0007169246673583984
0.0007622241973876953
0.0007164478302001953
0.0006930828094482422
0.0007035732269287109
0.0007541179656982422
0.0007202625274658203
0.000705718994140625
0.000675201416015625
0.0006852149963378906
0.0006861686706542969
0.0006568431854248047
0.0006732940673828125
0.000789642333984375
0.0007550716400146484
0.0006976127624511719
0.0006718635559082031
0.0006818771362304688
0.0006444454193115234
0.0006740093231201172
0.0006692409515380859
0.0006678104400634766
0.0006911754608154297
0.0007040500640869141
0.0007278919219970703
0.0006873607635498047
0.0007331371307373047
0.0007047653198242188
0.0006897449493408203
0.000705718994140625
0.0006780624389648438
0.0007455348968505859
0.0007450580596923828
0.0006422996520996094
0.0006427764892578125
0.0006949901580810547
0.000629425048828125
0.0006809234619140625
0.0006663799285888672
0.0006513595581054688
0.0006880760192871094
0.0007224082946777344
0.0007135868072509766
0.0007092952728271484
0.0007181167602539062
0.0006804466247558594
0.0007252693176269531
0.0006928443908691406
0.0007042884826660156
0.0007543563842773438
0.0007207393646240234
0.0006811618804931641
0.0006687641143798828
0.0006844997406005859
0.0007658004760742188
0.0007178783416748047
0.0006787776947021484
0.0006887912750244141
0.0007007122039794922
0.0006902217864990234
0.0006816387176513672
0.0006678104400634766
0.0006558895111083984
0.0006773471832275391
0.0007059574127197266
0.0007417201995849609
0.0006468296051025391
0.0006897449493408203
0.00067901611328125
0.0007121562957763672
0.0007061958312988281
0.0007293224334716797
0.0006873607635498047
0.0006856918334960938
0.0007476806640625
0.0007083415985107422
0.0007059574127197266
0.0007276535034179688
0.0007154941558837891
0.0007004737854003906
0.0006918907165527344
0.0006673336029052734
0.0006995201110839844
0.0007188320159912109
0.0007178783416748047
0.0007302761077880859
0.0007774829864501953
0.0006923675537109375
0.0006761550903320312
0.0007221698760986328
0.0007252693176269531
0.0007047653198242188
0.0007607936859130859
0.0007035732269287109
0.0006804466247558594
0.0006680488586425781
0.0006709098815917969
0.0006575584411621094
0.0006606578826904297
0.00069427490234375
0.0006687641143798828
0.0007131099700927734
0.0007262229919433594
0.0006620883941650391
0.000644683837890625
0.0007026195526123047
0.0006718635559082031
0.0006744861602783203
0.0006806850433349609
0.0007176399230957031
0.0007350444793701172
0.0007538795471191406
0.0006594657897949219
0.0006797313690185547
0.0006921291351318359
0.0007135868072509766
0.0006968975067138672
0.0007221698760986328
0.0006313323974609375
0.0007059574127197266
0.0007174015045166016
0.00064849853515625
0.0007119178771972656
0.0007028579711914062
0.0007226467132568359
0.0006902217864990234
0.0007054805755615234
0.0006687641143798828
0.0006937980651855469
0.0006561279296875
0.0007240772247314453
0.0007255077362060547
0.0007495880126953125
0.0007710456848144531
0.0006647109985351562
0.0006854534149169922
0.0006866455078125
0.000675201416015625
0.0007462501525878906
0.0006647109985351562
0.0006375312805175781
0.0006961822509765625
0.0006814002990722656
0.0006811618804931641
0.0006601810455322266
0.0007336139678955078
0.0007126331329345703
0.0007104873657226562
0.0006668567657470703
0.00070953369140625
0.0006663799285888672
0.0006670951843261719
0.0007398128509521484
0.0006732940673828125
0.0006575584411621094
0.0007202625274658203
0.0007011890411376953
0.0007269382476806641
0.0006973743438720703
0.0006999969482421875
0.0006833076477050781
0.0006711483001708984
0.0007452964782714844
0.0007119178771972656
0.0006852149963378906
0.0007479190826416016
0.00064849853515625
0.0007321834564208984
0.0006465911865234375
0.0007207393646240234
0.0007352828979492188
0.0007195472717285156
0.0006802082061767578
0.0007424354553222656
0.0006878376007080078
0.0006968975067138672
0.0007009506225585938
0.0006833076477050781
0.0007340908050537109
0.0006918907165527344
0.0006663799285888672
0.0006878376007080078
0.0006709098815917969
0.0007040500640869141
0.0007398128509521484
0.0006973743438720703
0.0006821155548095703
0.0007159709930419922
0.0006692409515380859
0.0006699562072753906
0.0007174015045166016
0.0006830692291259766
0.0007097721099853516
0.0007002353668212891
0.0006747245788574219
0.0007083415985107422
0.0006873607635498047
0.0006887912750244141
0.0007092952728271484
0.0006611347198486328
0.0007317066192626953
0.0006766319274902344
0.0007486343383789062
0.0006959438323974609
0.0007064342498779297
0.0006835460662841797
0.0006556510925292969
0.0007364749908447266
0.0007832050323486328
0.0007610321044921875
0.0007188320159912109
0.0007064342498779297
0.0006604194641113281
0.0007069110870361328
0.000732421875
0.0006833076477050781
0.0007307529449462891
0.0007417201995849609
0.0007023811340332031
0.0007379055023193359
0.0006623268127441406
0.0006918907165527344
0.0006806850433349609
0.0006608963012695312
0.0007340908050537109
0.000720977783203125
0.0007281303405761719
0.00069427490234375
0.0006847381591796875
0.0006456375122070312
0.0007140636444091797
0.0007963180541992188
0.0006506443023681641
0.0006711483001708984
0.0007319450378417969
0.0006768703460693359
0.0007216930389404297
0.0007102489471435547
0.0006840229034423828
0.0006711483001708984
0.0006494522094726562
0.0006458759307861328
0.0007059574127197266
0.0007312297821044922
0.0007429122924804688
0.0007054805755615234
0.0007302761077880859
0.0007066726684570312
0.0006663799285888672
0.0007431507110595703
0.0006873607635498047
0.0007071495056152344
0.0007410049438476562
0.0006985664367675781
0.000698089599609375
0.0007128715515136719
0.0006861686706542969
0.0006976127624511719
0.0007143020629882812
0.0006937980651855469
0.0006771087646484375
0.0006852149963378906
0.0006711483001708984
0.0007107257843017578
0.0007512569427490234
0.0007658004760742188
0.0006728172302246094
0.0007154941558837891
0.0007340908050537109
0.0006966590881347656
0.0007088184356689453
0.0007276535034179688
0.0007414817810058594
0.0007314682006835938
0.0007369518280029297
0.0007238388061523438
0.0007183551788330078
0.0007078647613525391
0.0007159709930419922
0.0006868839263916016
0.0006608963012695312
0.0006983280181884766
0.0007171630859375
0.0006835460662841797
0.0007281303405761719
0.0007123947143554688
0.0007076263427734375
0.0006628036499023438
0.0007078647613525391
0.0006768703460693359
0.0007226467132568359
0.0006582736968994141
0.0007276535034179688
0.0007112026214599609
0.0007188320159912109
0.0006747245788574219
0.0006701946258544922
0.0006854534149169922
0.0006430149078369141
0.0007011890411376953
0.0006570816040039062
0.0007200241088867188
0.0007104873657226562
0.0007183551788330078
0.0007374286651611328
0.0006973743438720703
0.0006554126739501953
0.000705718994140625
0.0006580352783203125
0.0006771087646484375
0.0007143020629882812
0.0006573200225830078
0.0006730556488037109
0.0007371902465820312
0.0008077621459960938
0.0006890296936035156
0.0006880760192871094
0.0007596015930175781
0.0006628036499023438
0.0006501674652099609
0.0006670951843261719
0.00069427490234375
0.0006902217864990234
0.0007474422454833984
0.0007407665252685547
0.0007288455963134766
0.0006959438323974609
0.0007390975952148438
0.0007586479187011719
0.0007488727569580078
0.0007488727569580078
0.0007505416870117188
0.0006716251373291016
0.0007333755493164062
0.0007610321044921875
0.0006799697875976562
0.0006935596466064453
0.000705718994140625
0.0006711483001708984
0.0007321834564208984
0.0006582736968994141
0.0007650852203369141
0.0006346702575683594
0.0007538795471191406
0.0006754398345947266
0.0007102489471435547
0.0006787776947021484
0.0007102489471435547
0.0007195472717285156
0.0007684230804443359
0.0007123947143554688
0.0006976127624511719
0.0006582736968994141
0.0007603168487548828
0.0007085800170898438
0.0007014274597167969
0.0007221698760986328
0.0006787776947021484
0.0007250308990478516
0.0006852149963378906
0.0006806850433349609
0.0007402896881103516
0.0007109642028808594
0.0006728172302246094
0.0007088184356689453
0.0007100105285644531
0.00067901611328125
0.0007433891296386719
0.0006952285766601562
0.0007541179656982422
0.0006957054138183594
0.0006947517395019531
0.0007002353668212891
0.0007555484771728516
0.0007102489471435547
0.0007207393646240234
0.0007541179656982422
0.0007042884826660156
0.0007076263427734375
0.0006940364837646484
0.0006852149963378906
0.0007336139678955078
0.0006959438323974609
0.0007262229919433594
0.0006878376007080078
0.0006811618804931641
0.0006742477416992188
0.0007002353668212891
0.0007221698760986328
0.0006730556488037109
0.0006396770477294922
0.0007915496826171875
0.0007467269897460938
0.0007066726684570312
0.0007355213165283203
0.0006804466247558594
0.0006802082061767578
0.0006895065307617188
0.00077056884765625
0.0007195472717285156
0.0007560253143310547
0.00069427490234375
0.0007700920104980469
0.0006949901580810547
0.000732421875
0.0006878376007080078
0.000675201416015625
0.0007266998291015625
0.0007119178771972656
0.0006814002990722656
0.0006928443908691406
0.0006704330444335938
0.0006775856018066406
0.0007317066192626953
0.0007395744323730469
0.0006721019744873047
0.0007166862487792969
0.0007202625274658203
0.0007371902465820312
0.0006482601165771484
0.0007097721099853516
0.0007121562957763672
0.0007479190826416016
0.0006744861602783203
0.0007202625274658203
0.0006730556488037109
0.0007212162017822266
0.000698089599609375
0.0006961822509765625
0.0007014274597167969
0.0006868839263916016
0.0007085800170898438
0.0007219314575195312
0.0006830692291259766
0.0006937980651855469
0.0007195472717285156
0.0006706714630126953
0.0007016658782958984
0.0006945133209228516
0.0006568431854248047
0.0007255077362060547
0.0007083415985107422
0.0006697177886962891
0.0006837844848632812
0.0007524490356445312
0.0007314682006835938
0.000701904296875
0.0006647109985351562
0.0006995201110839844
0.0007498264312744141
0.0007245540618896484
0.0007181167602539062
0.0006601810455322266
0.0007460117340087891
0.0006966590881347656
0.0007081031799316406
0.0006880760192871094
0.0007531642913818359
0.0006959438323974609
0.0006699562072753906
0.0006957054138183594
0.0006823539733886719
0.0007486343383789062
0.0007100105285644531
0.0006926059722900391
0.0007183551788330078
0.0006940364837646484
0.0006971359252929688
0.0006825923919677734
0.0006856918334960938
0.0006971359252929688
0.0006573200225830078
0.0006368160247802734
0.00072479248046875
0.0006642341613769531
0.0007030963897705078
0.0006699562072753906
0.0007076263427734375
0.0006489753723144531
0.0006346702575683594
0.0006659030914306641
0.0007302761077880859
0.0007104873657226562
0.0006830692291259766
0.0006735324859619141
0.0007109642028808594
0.0007135868072509766
0.0006566047668457031
0.0007388591766357422
0.0007245540618896484
0.0006856918334960938
0.0007891654968261719
0.0006592273712158203
0.0006818771362304688
0.0007085800170898438
0.0007030963897705078
0.0006930828094482422
0.0007257461547851562
0.0007083415985107422
0.000644683837890625
0.0006935596466064453
0.0007364749908447266
0.0006840229034423828
0.0007843971252441406
0.0007364749908447266
0.0007269382476806641
0.0006816387176513672
0.0007548332214355469
0.0006732940673828125
0.0006930828094482422
0.0006885528564453125
0.0006985664367675781
0.0006945133209228516
0.0006380081176757812
0.0007414817810058594
0.0006835460662841797
0.0007808208465576172
0.0006780624389648438
0.0007340908050537109
0.0007116794586181641
0.0007302761077880859
0.0007016658782958984
0.0007264614105224609
0.0008015632629394531
0.0006458759307861328
0.0007550716400146484
0.0006558895111083984
0.0007424354553222656
0.000698089599609375
0.0006678104400634766
0.0006709098815917969
0.0007205009460449219
0.0006613731384277344
0.0006842613220214844
0.0007464885711669922
0.0007004737854003906
0.0007450580596923828
0.0007865428924560547
0.0006771087646484375
0.0006971359252929688
0.0006692409515380859
0.0006945133209228516
0.0006895065307617188
0.0007026195526123047
0.0007686614990234375
0.0006740093231201172
0.0007195472717285156
0.0006787776947021484
0.0007526874542236328
0.0007288455963134766
0.0006880760192871094
0.0007374286651611328
0.0006833076477050781
0.0006918907165527344
0.0006964206695556641
0.0006957054138183594
0.0007271766662597656
0.0007524490356445312
0.0007326602935791016
0.0007424354553222656
0.0007171630859375
0.0007543563842773438
0.0007030963897705078
0.0006527900695800781
0.0007412433624267578
0.0007216930389404297
0.0007135868072509766
0.0006906986236572266
0.0007023811340332031
0.0007076263427734375
0.0007970333099365234
0.0007331371307373047
0.0006842613220214844
0.0007197856903076172
0.0006961822509765625
0.0007722377777099609
0.0007414817810058594
0.00077056884765625
0.0006992816925048828
0.0007004737854003906
0.0007116794586181641
0.0007252693176269531
0.0007064342498779297
0.0007128715515136719
0.0007121562957763672
0.0007121562957763672
0.0006909370422363281
0.0006780624389648438
0.0007090568542480469
0.0006613731384277344
0.0006849765777587891
0.0006995201110839844
0.0007312297821044922
0.0006868839263916016
0.0006988048553466797
0.0007259845733642578
0.0007023811340332031
0.0006611347198486328
0.0007338523864746094
0.0006701946258544922
0.0006973743438720703
0.0007476806640625
0.0006756782531738281
0.0007152557373046875
0.0006799697875976562
0.0006895065307617188
0.0006806850433349609
0.0007371902465820312
0.0007760524749755859
0.000762939453125
0.0007030963897705078
0.0006694793701171875
0.0007023811340332031
0.0007183551788330078
0.0006515979766845703
0.0007617473602294922
0.0006744861602783203
0.0006744861602783203
0.00067138671875
0.0007469654083251953
0.0006611347198486328
0.0007109642028808594
0.0006914138793945312
0.0006718635559082031
0.0007464885711669922
0.0006852149963378906
0.0007431507110595703
0.0006802082061767578
0.0007009506225585938
0.0006873607635498047
0.0006976127624511719
0.0006999969482421875
0.0007448196411132812
0.0006380081176757812
0.0007121562957763672
0.0006763935089111328
0.0007197856903076172
0.0007281303405761719
0.0006859302520751953
0.0007004737854003906
0.0007016658782958984
0.0006797313690185547
0.000728607177734375
0.0006794929504394531
0.0006921291351318359
0.0007379055023193359
0.0006701946258544922
0.0007228851318359375
0.0006587505340576172
0.0007262229919433594
0.0007176399230957031
0.0007288455963134766
0.0006985664367675781
0.0006895065307617188
0.0006875991821289062
0.0007541179656982422
0.000782012939453125
0.0006883144378662109
0.0006971359252929688
0.000682830810546875
0.0007572174072265625
0.0007159709930419922
0.0007135868072509766
0.0007197856903076172
0.0007352828979492188
0.0007207393646240234
0.0007112026214599609
0.0006849765777587891
0.0006146430969238281
0.0006518363952636719
0.0006902217864990234
0.0007507801055908203
0.0006945133209228516
0.0006952285766601562
0.0007081031799316406
0.0007278919219970703
0.0007078647613525391
0.0007598400115966797
0.0007619857788085938
0.0007219314575195312
0.0006361007690429688
0.0007171630859375
0.0007271766662597656
0.0007617473602294922
0.0007343292236328125
0.0007424354553222656
0.0006875991821289062
0.0007317066192626953
0.0007090568542480469
0.0006883144378662109
0.0006995201110839844
0.0007255077362060547
0.0007140636444091797
0.0007152557373046875
0.0007483959197998047
0.0006887912750244141
0.0007228851318359375
0.0007238388061523438
0.0007262229919433594
0.0007181167602539062
0.0007719993591308594
0.0007061958312988281
0.0007450580596923828
0.0007188320159912109
0.0007314682006835938
0.000675201416015625
0.0006418228149414062
0.0006632804870605469
0.0006854534149169922
0.0007424354553222656
0.0006899833679199219
0.000743865966796875
0.0006866455078125
0.0007388591766357422
0.0006916522979736328
0.0006966590881347656
0.0007216930389404297
0.0007741451263427734
0.0007348060607910156
0.0007228851318359375
0.0006239414215087891
0.00064849853515625
0.0006868839263916016
0.0006971359252929688
0.0007092952728271484
0.0006852149963378906
0.0007448196411132812
0.0007023811340332031
0.0007491111755371094
0.0006988048553466797
0.0006785392761230469
0.0007259845733642578
0.0007257461547851562
0.0007448196411132812
0.0006930828094482422
0.0006816387176513672
0.0006895065307617188
0.0007503032684326172
0.0007367134094238281
0.000713348388671875
0.0006287097930908203
0.0007104873657226562
0.000732421875
0.0007107257843017578
0.0006833076477050781
0.0007047653198242188
0.0006747245788574219
0.0007331371307373047
0.0007157325744628906
0.0007007122039794922
0.0006577968597412109
0.0006968975067138672
0.00064849853515625
0.0006897449493408203
0.0007147789001464844
0.0007188320159912109
0.0007386207580566406
0.0007231235504150391
0.0006873607635498047
0.0007357597351074219
0.0007140636444091797
0.0007355213165283203
0.0007135868072509766
0.0007236003875732422
0.0007536411285400391
0.0006644725799560547
0.0007443428039550781
0.0007131099700927734
0.000732421875
0.0007221698760986328
0.0006873607635498047
0.0006988048553466797
0.0006983280181884766
0.0007393360137939453
0.0007345676422119141
0.0007517337799072266
0.0006861686706542969
0.0007412433624267578
0.0006887912750244141
0.0007214546203613281
0.0006854534149169922
0.0007092952728271484
0.0007522106170654297
0.0007250308990478516
0.0007290840148925781
0.0007066726684570312
0.0007088184356689453
0.0006489753723144531
0.0007596015930175781
0.0006985664367675781
0.0007619857788085938
0.0007109642028808594
0.00066375732421875
0.0006372928619384766
0.0007171630859375
0.0007088184356689453
0.0006666183471679688
0.0006775856018066406
0.0007479190826416016
0.0007119178771972656
0.0006589889526367188
0.0006592273712158203
0.0007002353668212891
0.000698089599609375
0.0007097721099853516
0.0006988048553466797
0.0006875991821289062
0.000629425048828125
0.0006864070892333984
0.0006854534149169922
0.000736236572265625
0.0007243156433105469
0.0006873607635498047
0.0007059574127197266
0.0006864070892333984
0.0007107257843017578
0.0006515979766845703
0.0006983280181884766
0.0007264614105224609
0.0007376670837402344
0.0007100105285644531
0.0007236003875732422
0.00070953369140625
0.0007195472717285156
0.0007185935974121094
0.0007009506225585938
0.0007274150848388672
0.0006864070892333984
0.0006432533264160156
0.0006520748138427734
0.0006895065307617188
0.0006890296936035156
0.0007269382476806641
0.0006628036499023438
0.0006954669952392578
0.0006585121154785156
0.0007317066192626953
0.0006852149963378906
0.0006976127624511719
0.0007052421569824219
0.000698089599609375
0.0007412433624267578
0.0007290840148925781
0.0007112026214599609
0.0006797313690185547
0.0006337165832519531
0.000701904296875
0.0006880760192871094
0.0006895065307617188
0.0006630420684814453
0.0006892681121826172
0.0006968975067138672
0.0006916522979736328
0.0007684230804443359
0.0007030963897705078
0.0007765293121337891
0.0007376670837402344
0.0007114410400390625
0.0006682872772216797
0.0006906986236572266
0.0006866455078125
0.0007052421569824219
0.000751495361328125
0.0007205009460449219
0.0007202625274658203
0.0007011890411376953
0.0007107257843017578
0.0006945133209228516
0.0006337165832519531
0.0007412433624267578
0.0006971359252929688
0.0007071495056152344
0.0007381439208984375
0.0007364749908447266
0.0007088184356689453
0.0006473064422607422
0.0006589889526367188
0.0006806850433349609
0.0007228851318359375
0.0006387233734130859
0.00066375732421875
0.0007123947143554688
0.0007569789886474609
0.0007412433624267578
0.0006728172302246094
0.0006966590881347656
0.0007278919219970703
0.00075531005859375
0.0006535053253173828
0.0006852149963378906
0.0006756782531738281
0.0006866455078125
0.0007674694061279297
0.0007121562957763672
0.0006275177001953125
0.0007069110870361328
0.0006954669952392578
0.0006945133209228516
0.0007402896881103516
0.0007102489471435547
0.000659942626953125
0.0006823539733886719
0.0006825923919677734
0.0006856918334960938
0.0006694793701171875
0.0006771087646484375
0.0007379055023193359
0.0007991790771484375
0.0006349086761474609
0.0006737709045410156
0.0006251335144042969
0.0006604194641113281
0.0007054805755615234
0.0006659030914306641
0.0006573200225830078
0.0006690025329589844
0.0006926059722900391
0.0006768703460693359
0.0007398128509521484
0.0006814002990722656
0.0007164478302001953
0.000732421875
0.0006661415100097656
0.0007352828979492188
0.0007011890411376953
0.0007503032684326172
0.0006933212280273438
0.0007154941558837891
0.0007236003875732422
0.0006711483001708984
0.0006732940673828125
0.0006754398345947266
0.0007317066192626953
0.0006902217864990234
0.0006835460662841797
0.0006248950958251953
0.0006601810455322266
0.0006520748138427734
0.0006537437438964844
0.0007169246673583984
0.0006487369537353516
0.0007829666137695312
0.0007138252258300781
0.0007073879241943359
0.0014042854309082031
0.0007574558258056641
0.0007114410400390625
0.0007321834564208984
0.0007238388061523438
0.0006959438323974609
0.0007238388061523438
0.0006756782531738281
0.0006897449493408203
0.0006222724914550781
0.0007197856903076172
0.0007126331329345703
0.0007653236389160156
0.00064849853515625
0.0006730556488037109
0.0007727146148681641
0.0007641315460205078
0.0006687641143798828
0.0007288455963134766
0.0006961822509765625
0.0006835460662841797
0.0006861686706542969
0.0006961822509765625
0.0006983280181884766
0.0006940364837646484
0.0006842613220214844
0.0007376670837402344
0.0007147789001464844
0.0007004737854003906
0.0007271766662597656
0.0006837844848632812
0.0007433891296386719
0.0006983280181884766
0.0006561279296875
0.0006754398345947266
0.0007102489471435547
0.0006563663482666016
0.0006577968597412109
0.0006837844848632812
0.0007138252258300781
0.0007188320159912109
0.0007936954498291016
0.0006806850433349609
0.0007061958312988281
0.0006716251373291016
0.0007410049438476562
0.0007293224334716797
0.000701904296875
0.0007147789001464844
0.0006732940673828125
0.0006911754608154297
0.0007092952728271484
0.0006995201110839844
0.0007243156433105469
0.0006825923919677734
0.0006601810455322266
0.0006728172302246094
0.0007197856903076172
0.0007073879241943359
0.0007100105285644531
0.0006988048553466797
0.0006852149963378906
0.0006740093231201172
0.0006492137908935547
0.00069427490234375
0.0006949901580810547
0.0007064342498779297
0.0007390975952148438
0.0006978511810302734
0.0006988048553466797
0.0007636547088623047
0.000675201416015625
0.0007183551788330078
0.0007097721099853516
0.0007321834564208984
0.0007293224334716797
0.0006897449493408203
0.0006890296936035156
0.0006964206695556641
0.0006906986236572266
0.0007026195526123047
0.0006623268127441406
0.0007004737854003906
0.0006964206695556641
0.0007488727569580078
0.0007536411285400391
0.0006852149963378906
0.0007274150848388672
0.0007150173187255859
0.0007288455963134766
0.0007061958312988281
0.0006978511810302734
0.0006711483001708984
0.0007231235504150391
0.0006620883941650391
0.0007264614105224609
0.0007255077362060547
0.0006966590881347656
0.0006964206695556641
0.0007119178771972656
0.0006978511810302734
0.0007188320159912109
0.0007023811340332031
0.0007636547088623047
0.0007164478302001953
0.0007052421569824219
0.0006923675537109375
0.00063323974609375
0.0006921291351318359
0.0006849765777587891
0.0007493495941162109
0.0006945133209228516
0.000720977783203125
0.0007119178771972656
0.000682830810546875
0.0007102489471435547
0.0007107257843017578
0.0006577968597412109
0.0007166862487792969
0.0006999969482421875
0.0007352828979492188
0.0007462501525878906
0.0006635189056396484
0.0006885528564453125
0.000732421875
0.0006532669067382812
0.0007421970367431641
0.0007245540618896484
0.0007565021514892578
0.0007693767547607422
0.0007383823394775391
0.0007500648498535156
0.0007476806640625
0.0006539821624755859
0.0007016658782958984
0.0006971359252929688
0.0006773471832275391
0.0007193088531494141
0.0006399154663085938
0.0006859302520751953
0.0007154941558837891
0.0006883144378662109
0.000675201416015625
0.0006730556488037109
0.0007126331329345703
0.0007410049438476562
0.0007052421569824219
0.0007510185241699219
0.0006837844848632812
0.0006933212280273438
0.0007045269012451172
0.0007214546203613281
0.0006520748138427734
0.0007011890411376953
0.0006504058837890625
0.0006539821624755859
0.0006735324859619141
0.0007047653198242188
0.0007431507110595703
0.0007374286651611328
0.0007226467132568359
0.0007350444793701172
0.0007131099700927734
0.0007100105285644531
0.0006902217864990234
0.0007143020629882812
0.0007040500640869141
0.0007557868957519531
0.0006620883941650391
0.0007007122039794922
0.0007145404815673828
0.0007026195526123047
0.0007140636444091797
0.0007376670837402344
0.0007114410400390625
0.0007045269012451172
0.0006971359252929688
0.0007159709930419922
0.0006735324859619141
0.0006978511810302734
0.0007236003875732422
0.0007457733154296875
0.0006768703460693359
0.0007271766662597656
0.0006911754608154297
0.0007021427154541016
0.0007603168487548828
0.0006856918334960938
0.0006625652313232422
0.0007483959197998047
0.0007205009460449219
0.0006735324859619141
0.0007109642028808594
0.0006763935089111328
0.0006856918334960938
0.00077056884765625
0.0006403923034667969
0.0007479190826416016
0.0006959438323974609
0.0007696151733398438
0.0007278919219970703
0.0007443428039550781
0.0006978511810302734
0.0007572174072265625
0.0006966590881347656
0.0006375312805175781
0.0007119178771972656
0.0006976127624511719
0.0007338523864746094
0.0006966590881347656
0.0006966590881347656
0.0006620883941650391
0.0007345676422119141
0.0006909370422363281
0.0006854534149169922
0.0007116794586181641
0.0007448196411132812
0.0006978511810302734
0.0007381439208984375
0.0006589889526367188
0.0007188320159912109
0.0007228851318359375
0.0007042884826660156
0.0006513595581054688
0.0007374286651611328
0.0006594657897949219
0.0007367134094238281
0.0006415843963623047
0.0006666183471679688
0.0006797313690185547
0.000698089599609375
0.0007193088531494141
0.0007023811340332031
0.0007140636444091797
0.0006723403930664062
0.0006661415100097656
0.0007419586181640625
0.0006616115570068359
0.0007550716400146484
0.0006721019744873047
0.0006368160247802734
0.0007016658782958984
0.0006604194641113281
0.0006940364837646484
0.0007014274597167969
0.0006864070892333984
0.0007121562957763672
0.000713348388671875
0.0007295608520507812
0.0007123947143554688
0.0007216930389404297
0.0006899833679199219
0.0006985664367675781
0.0006513595581054688
0.0006420612335205078
0.0006868839263916016
0.00072479248046875
0.0006945133209228516
0.0006875991821289062
0.0007565021514892578
0.0007908344268798828
0.0007157325744628906
0.0007112026214599609
0.0007641315460205078
0.0007283687591552734
0.0007202625274658203
0.0006608963012695312
0.0006508827209472656
0.000743865966796875
0.0006701946258544922
0.0006868839263916016
0.0007121562957763672
0.0006420612335205078
0.0007357597351074219
0.00070953369140625
0.0007336139678955078
0.0006854534149169922
0.0007586479187011719
0.0006775856018066406
0.0006854534149169922
0.0006570816040039062
0.0007565021514892578
0.0007073879241943359
0.0006744861602783203
0.0007112026214599609
0.0006787776947021484
0.0007138252258300781
0.000652313232421875
0.0007469654083251953
0.00067901611328125
0.0007803440093994141
0.0007534027099609375
0.0006885528564453125
0.0007112026214599609
0.0006935596466064453
0.0006978511810302734
0.0007333755493164062
0.00070953369140625
0.0007233619689941406
0.0007376670837402344
0.0007266998291015625
0.0006535053253173828
0.0007276535034179688
0.0006740093231201172
0.0007014274597167969
0.0007236003875732422
0.0006737709045410156
0.0007486343383789062
0.0007114410400390625
0.0007402896881103516
0.0007007122039794922
0.0006513595581054688
0.0007104873657226562
0.0007727146148681641
0.0007355213165283203
0.0007183551788330078
0.0007023811340332031
0.0007393360137939453
0.0007555484771728516
0.0006859302520751953
0.0006811618804931641
0.0006737709045410156
0.0007622241973876953
0.0007307529449462891
0.000690460205078125
0.0007646083831787109
0.0007293224334716797
0.0007429122924804688
0.0007085800170898438
0.0006608963012695312
0.0007615089416503906
0.00067138671875
0.0006847381591796875
0.0007162094116210938
0.0007317066192626953
0.0006749629974365234
0.0007014274597167969
0.0007433891296386719
0.0006749629974365234
0.0006735324859619141
0.0006873607635498047
0.0007529258728027344
0.0006897449493408203
0.0007429122924804688
0.0007317066192626953
0.000698089599609375
0.0006976127624511719
0.0006854534149169922
0.0006756782531738281
0.0006518363952636719
0.0006761550903320312
0.0007174015045166016
0.0007004737854003906
0.0007288455963134766
0.0007009506225585938
0.0006511211395263672
0.0007126331329345703
0.0007669925689697266
0.0007355213165283203
0.0006744861602783203
0.0006780624389648438
0.0007131099700927734
0.0006935596466064453
0.0007843971252441406
0.0006723403930664062
0.0006742477416992188
0.0007109642028808594
0.0007894039154052734
0.0006723403930664062
0.0006687641143798828
0.0006973743438720703
0.0007090568542480469
0.0006473064422607422
0.0006639957427978516
0.0007352828979492188
0.0007145404815673828
0.0006325244903564453
0.0006897449493408203
0.0007083415985107422
0.0006761550903320312
0.0007007122039794922
0.0007231235504150391
0.000728607177734375
0.0007641315460205078
0.0006918907165527344
0.0006673336029052734
0.0007035732269287109
0.0006754398345947266
0.0007028579711914062
0.0007059574127197266
0.0007104873657226562
0.0007541179656982422
0.0007128715515136719
0.0006973743438720703
0.0006756782531738281
0.0007684230804443359
0.0007445812225341797
0.0006983280181884766
0.0007100105285644531
0.0006866455078125
0.0006635189056396484
0.0007777214050292969
0.0006844997406005859
0.0007011890411376953
0.0007090568542480469
0.0006639957427978516
0.0007724761962890625
