1.812120341248927
1.648292542009576
2.2122886734811344
1.3915361046481094
1.999999834143611
1.7355827425424415
2.273881558788414
1.1174683269925203
1.9999997589383718
1.9999998136877188
1.8682914918075297
1.3077248888717394
1.9158495618281162
1.9999999904395485
1.9999998514665112
1.4999998709048754
1.6150674982728719
1.853011227809841
1.9734017298668138
1.9999999044073034
1.458849642161355
1.4999998968883221
2.057151169181876
1.6744614119437746
1.8306237895160427
1.6167575865405168
1.5941624056551664
2.1172360845194587
1.9999997931505904
1.9999998798089136
1.4020836810092785
1.7166581847056444
2.422561849841073
1.773554377195534
2.499999688483293
1.74866032459854
1.17019015029211
1.4306594058045752
1.7446527379385315
1.4906301521090515
1.9999998878269063
1.9999997741577216
1.33333325551957
1.8191933084454999
1.2499999945772877
2.0204376370972597
1.652257846525896
1.5866544795095472
2.0704020847708406
2.0128927536119043
1.9289297390176576
2.6304483259991795
1.8424655371483745
1.96498543296888
1.9073082741271026
1.9131534002869623
2.941339199903455
2.163268248651012
2.626692426901878
1.7508965283614748
2.0811068133663877
1.8532133562843012
2.420354880971264
1.7508141917067364
1.7444456961815649
1.9999997719707432
2.2881135151138827
1.7800071996585494
2.4742522191591605
1.499999916520737
2.202582929559836
1.3434824423188678
1.8244507450359881
1.999999846121788
1.6549811174261924
1.698348536483686
1.3485534803924146
1.9999998656388718
1.5866375823768635
1.9268239440258983
2.1642857733555076
1.9999999163288762
1.5328388980994638
1.6639531572833595
1.4359990276182415
1.9999999458683035
1.7773765051095447
2.273687689645264
1.534652507602259
1.3734051022440459
1.9970049666799188
1.7445079630308646
1.7654381880603258
1.5934904081318484
1.9999999834503375
2.069636421543229
1.5052539973110761
1.999999884295568
2.1128246423300667
1.6822875444693193
1.9999999249106435
1.4465198472750334
1.8670580454766763
1.9999999427498374
1.9999998949650426
1.6305186519482056
1.6326946010920922
1.7241671262043903
1.9999998654861126
1.8819827963157627
1.7963833801109665
1.9999999145712342
1.5782045750911255
1.7093952916844324
1.4999999155156307
2.168948260492971
1.5601516266866304
2.102148979030768
1.9999999982863956
2.1746410139586785
1.5654653318959655
1.999999858776773
1.6666666591452417
2.095694438128969
1.942538520139218
1.9881676367788386
2.20488955871669
1.9264813249846395
2.3910997705810693
1.9999998096056912
1.512727241322327
1.999999927466675
1.8101039105693024
2.1532036233010112
1.68343300737641
1.9999998216327888
1.7766154190057661
1.3965931212427434
1.5611886038208105
1.574358458369306
2.1101456606067863
1.8661504609796253
1.8593630237538994
1.9297357248805025
2.2786150957174836
1.9999997927931352
1.4999998484557264
1.4855499289146568
1.9999999067178735
1.7926720388800532
1.2499999826053607
2.0141970505396265
2.1826685548387648
1.6666666203761196
1.4531790077245292
1.7674914375902289
1.9999999985342438
1.6371950689692056
1.655263519732614
2.0911187607193593
1.9999998833278645
1.5960851852779558
1.5462188779895838
2.9999994549201916
1.518796101146253
1.9999999114770266
2.344729512233251
1.9999999139027071
2.0616565263056783
2.0310818162266755
1.9999999692521404
1.9999998222149304
2.274405668965045
2.1712639836594096
2.339459075950248
1.6775199797358136
2.027959337744602
1.249999943274856
1.4999998671066066
2.1062291022853152
2.0012222520613188
2.597647207927891
2.0189929753279827
1.9999999497302958
1.9999999339458248
1.8175819423368333
1.4746932957553054
1.7531432646999423
1.999999833329024
2.3572449962843476
1.9999998462534514
1.9227120351919913
2.3013553389075345
1.999999847429377
2.288255699499437
1.9999999917355233
2.3100290918747963
1.6070179626992884
2.5034566783307515
1.9999999954097074
2.0424874113099682
1.8581068992633718
1.9999998909285628
2.081881128861112
1.8635266817334275
1.7711164293418629
1.5766817204536054
1.6666665615139558
1.5809981075971045
1.4999999614424537
1.5574104313320298
1.6523102365103792
1.687840115524482
2.1783659886865285
1.999999837440168
1.6666666643108488
1.4999999093711012
1.9999999030369071
2.561891614010957
1.620091693507895
1.6950454724182913
1.9041145470534213
1.999999941922546
1.7904657299974158
2.104544126610809
1.7091498194922654
1.8323129950983208
2.1310019221742382
1.5152521151775373
1.7216077775058944
1.6666666087682773
1.4999998710434428
1.4269482567979337
2.062806544613948
1.4834186376829728
1.9999998473756007
2.2328795160272352
1.8506814810740166
1.6983176799300952
1.9999999106818798
2.2850875585385824
1.9999997562035878
2.1538698347959864
1.9999997292024194
1.9999997600063466
1.9999997510252343
1.6624956214891833
1.9712169750591018
1.9999999562480484
1.2871820665018174
1.0130047568518166
1.493885543767695
1.8034996275978752
2.0298172556908276
1.7309553308562058
2.40813920192571
1.8943117288229883
1.4999998433368769
2.1194162444075495
1.8256642259440634
2.4999998896482607
2.1156227383004373
1.9999999988643145
1.9999997985726778
1.5296355690469265
2.037134106737898
1.9277485506674676
2.128080436988939
1.9999999467569876
1.9392702073660633
1.5615105642950338
2.0019224317426585
2.1372400224568553
1.5995406687862914
1.6053938857860375
1.7504748830369223
1.675759991427768
1.6711663012785636
1.8133989081208322
2.0729444286099104
1.6695952293501906
1.9381296188710062
1.8801517359369733
1.724226910634991
1.9389160557631637
1.999999788127093
1.823484391807643
1.6350475717463564
1.4999998882870778
1.718677031269563
1.4999999140530402
1.9999999405054416
1.7547901817987595
2.1072920596426736
2.240745533062471
1.6666664898260957
1.9999997717927218
1.9999998738167468
2.2135623708756653
1.9999998921104067
1.9999997984993854
1.868729029217409
1.5340156639032458
1.7390988488405095
1.66666661630182
1.6125995735862746
1.6276657462837891
1.7472834927781131
1.9999997662373277
1.6372042891948992
1.999999968654679
2.190362174390411
1.9999997644241037
1.9435803213560021
2.027357475535442
1.9999998104633747
1.9999999322289974
1.2499999123709802
1.9999999663334913
1.999999937330587
1.9999999275822313
1.7475339593949817
2.160643715740923
1.6666664846394403
2.242333294963178
2.0336209236105494
1.486087366413636
1.5471144336735483
1.669532911942184
1.9999998633396656
1.4999999853865356
1.9999999858784492
1.4296330179585273
1.9999998022419334
1.3333332565110065
1.7130290673486115
1.6666665581049733
1.6909339222683448
1.5387920160915665
1.666666618952787
2.4241256860075695
1.9999999502162693
1.9507782677795151
2.028761962749954
2.0983212011141052
1.532063698263896
2.3305385643867784
1.5550252938402693
2.29568853194776
1.3333332139120138
1.9655220826485986
1.9999997489026629
1.4606860214986237
2.034084297785254
1.6600361197900964
1.9664349689892442
1.9782042588663615
1.999999846523724
1.9427468326951924
1.999999842652557
2.062247601180405
1.3333332838110072
2.316919034123554
1.9999998393624088
2.43142113313187
1.7607654722664021
2.355403895121248
1.8198927805868168
1.8383795030898462
2.2767576664385913
1.999999791701363
1.4999999206003143
1.5296107255740772
1.6909608741359248
1.5432796467696905
1.9575002143336497
2.095342002059151
1.9999999669604982
1.4999998483662296
1.729126718582347
1.3333332266073206
1.4213443854280743
1.9999999866327443
1.8017362990445995
1.2408106055483534
1.4999998372301593
1.9999998329198316
2.0076636094385627
1.6308048093206842
1.0678570829803347
2.267989815429884
1.6666665152587883
1.601717338191098
2.1074377749458946
1.4999999995149162
2.4999997669474388
2.0077003698717926
1.8443482491743024
1.4999999542501017
1.2930047327927314
1.568309177556137
1.7675036511626094
1.5643364766135348
1.9999999108929403
1.9999998210922754
1.9314886216740148
1.6306467513273653
1.5035065791859457
1.9999999204154175
1.9999998617466686
1.9999998378464234
1.0758001203395449
1.5095633911938584
1.5288370872686412
1.499999844480906
1.7749186492685551
1.999999922008848
1.9999998961673062
1.9999997567835615
1.3333332940065585
1.781936861226764
1.6455089788669386
1.7273023854437708
1.6722562523588913
1.9351739881344783
1.9999999948260256
2.198707800708408
1.6139406482682122
1.2499999577978216
1.9999998253207123
2.0503015570844907
1.6666664706306316
1.99999990263825
1.8508787975246095
1.9999999426485626
1.9318937360471657
2.2974593755826986
1.499999995973226
1.596790398246318
1.6359856271923572
2.183157244030526
2.4258355772328186
2.1320498782209545
1.4999999437666607
1.3333332846391714
2.224319603536484
1.7416217302156751
1.4489968213960052
2.02989718127323
1.7784431106475256
1.9999998771499732
2.0225130702508274
1.9999998921363293
1.552534930025701
1.5105834027968834
1.6666665740113917
1.2499999161524933
1.7978174869172647
1.6666665974243124
1.863316393952014
1.5922629618853066
1.9999997504391231
1.999999884917856
2.1603069202264082
1.776135904365735
1.6200313226516745
2.16763907882359
2.0764089909072476
1.9999999085911349
1.999872918495212
1.999999801470161
1.9999999515400018
1.4999998143398057
1.741156967361276
1.999999919454925
1.999999952045112
2.095155809178953
2.100808521473251
1.5687174872738785
1.9999997491218637
1.9999999815902345
1.7719793961039527
1.6666664974450602
1.2135408821392961
1.9999999029743358
2.086935621015414
1.9999997868641435
1.7382887669071838
2.1843686409751086
2.0234347479671615
1.528536156555285
1.9999998457028645
1.9999998791679205
1.4451466769636203
1.5302841211838794
1.3333332451708
1.999999793522408
2.6414194737933143
1.6666665351213839
1.9999999436596045
1.9999999430931767
1.5353956980731422
2.3067321677556185
1.8799418024683394
1.999999967689315
2.184020210608984
1.6666666135747499
1.9999997654590072
1.7615824159649645
1.6666665340483031
1.9999997336569781
1.5404206023681155
2.349581183241141
1.590968451621528
2.0536752509978773
1.7219847785807578
1.999999837480851
1.999999995194587
2.240702265753898
1.9999998066748508
1.6666665796345987
1.9999998767834468
1.5477487771809328
1.6925034949734823
1.923371739389483
1.9437308599596668
1.6638654432222528
2.4917951913846177
1.530207473472178
2.0816618492780434
2.01833769312242
2.566778474490092
1.9999998777798191
1.9999997891717098
1.9999998095865414
1.5233376431336907
1.9999997513982077
1.9999999146725937
1.9999997965921923
1.9999998061415218
1.7805818954613124
1.9999998684488298
1.4763730397293335
1.999999896771398
1.4233659553122082
1.9999998864936932
2.1610085238369026
1.614163268776111
1.9999999423184969
1.4344085517188845
1.3333333232581805
1.9999997532335971
2.2575046947004638
1.7611079053230365
1.6545938395207977
1.6666665563043794
1.7036183506235187
2.1111949468457243
1.9999999119644492
1.5201162919306184
1.4842733199935465
1.7602600954840755
1.7131066012430929
1.9999997598402266
1.6313002693975827
2.302527137201241
1.999999829217797
1.9999997646531449
1.8824844545147712
1.7122955741332517
1.4451604924157677
1.8032790889927535
1.9999998903584904
1.9999997355861163
2.292703344627685
2.4510111641071006
1.5839104370174732
1.7232263444766767
1.3454308633610335
1.9999999559485941
1.7608451523196076
1.9999998061415218
1.999999974908633
1.999999854283987
1.999999849875168
1.7270563287488905
1.9999999539190991
1.9999998786903392
1.996330640035154
1.4999998709951199
1.7215719373305072
1.9999997590144147
1.9999997449808022
1.6666665546918493
2.034145479412651
1.9999999387438632
1.5173281417162934
1.9999997629376993
2.0215654349865617
1.9731050845544431
1.518054425548961
1.9999997670155332
2.1843902018099133
2.244177608514037
1.99999995559043
1.6745370517590967
1.9999997622820989
1.9999999062886225
1.2530452409100568
1.4422959513762998
1.666666490785418
2.1218009966061593
1.4999998694476784
2.278782084166629
2.1923343491507614
1.666666566285539
1.9999997519388288
2.0744322419746384
1.7057732290201955
1.6666665476133211
1.9999998692008991
1.5676065390321106
2.082549519808711
1.9999999385520486
1.4998372249169258
1.6323738658249944
1.8249571303553187
1.7439064425480881
1.6666666594402748
1.999999739347575
1.9987406465346995
1.9999998230070788
1.6666665689857973
1.6067264036220419
1.6427218040030513
1.879342638936333
2.1767639411068584
1.9999999372671875
1.9999998905377878
1.7008700022743413
1.333333331383453
1.6438265910459926
1.6666666264448013
2.4351256393069947
2.620716632538004
1.9657860006400794
1.7246380159378811
1.9773860880616643
2.033235967958288
2.380355460613915
1.6239336728076514
1.5277149952930142
2.138670385328035
2.0062159347360695
1.6625216265427045
1.6347804088168538
2.790122228154155
1.18093763757922
1.9999998509442973
2.5118922621555195
1.6666665987019469
1.6666666068433023
1.9735990675694937
1.4527271801990491
2.01375093613881
1.9999998761964453
1.9999999550647518
1.7978496136478677
1.8200792776945731
1.6125740844863674
1.6666665944197625
1.6988554057886815
1.7577410243208034
1.7025379794859918
2.0958830218281825
1.6666665470682782
1.9999998253861702
1.8446601267766043
2.075094511148985
2.1233091426078894
2.9999998650598805
1.8824531482351807
2.5315738231592344
1.7956567392465115
2.0293499326946405
1.4999998461433843
1.5969600525394776
1.716624226753074
1.6954084212226366
1.6233380434983529
1.4114525794807333
1.3676934159124452
2.0263287754012524
1.5529145757956657
2.11728549492598
1.3201005146393296
1.3333332426821813
1.6465026532302294
1.9999998443562685
1.9999999821487389
2.0455046099845884
1.9569217301481203
1.9999997542484285
1.8004520992589164
1.5566977076693407
1.5436915534785316
1.6498679357055115
1.6523616060729027
1.6666666136798105
1.9999999427498374
1.6666666605361065
2.0518996921497115
1.561714454199448
1.7551010151740494
1.9999997777253642
2.2597402194696867
1.499999947678918
2.250144398862976
1.4999999528050363
1.9999997699314938
1.4185270810832202
2.3983265195328585
1.9999998836234376
1.9599761508488696
1.9999998098822498
1.7213183171090214
2.1958968804093355
1.6985767474009916
1.8084162344807881
1.666666639704258
2.652670141427667
1.8201605858751053
1.9999999787407583
1.9300982977645764
1.7762740802352182
1.705611153004588
1.999999959602299
1.8833302538036083
2.122142456781321
1.999999932557982
1.999999784992996
2.008268153875186
1.9999998998635224
1.6239255488984936
1.9985838521620118
1.999999968358773
1.806940594308304
1.6666666500546106
1.1886212408040338
1.6913246946704328
1.6728013944801876
1.547484935781589
1.51572569523749
1.8664042806145993
1.9999998010520534
1.6666666283754261
1.8099716046682017
2.32163244649971
1.9999998462682596
2.0392865724037046
1.8294248550942007
1.207599115305599
1.8164205035188599
1.595946667086913
1.4999998922510054
1.7977759075230326
2.0102543570981957
1.9999998975269446
1.9999999224748604
1.9999998718342888
1.6666665563688452
1.9999999620146078
1.9999999825121053
1.9999999183637567
2.346220083687215
2.102952603366725
2.139031792720859
1.5418412812953606
1.9999999308658871
1.4999999552180447
1.6666665871641524
1.4239360546594533
1.8720070758139011
2.2680613258826594
2.038322455999737
2.372645973891154
1.666666620548468
1.9999998848332134
1.7683219641292087
2.7134049918939276
1.681870298458572
1.6493921937181772
1.918031572615242
1.67439917569763
1.7542962602474999
1.7177051375046115
1.99999981323783
1.7862853367832927
1.7099746700654703
1.8815072592045845
1.8067421575755547
1.455994658117921
1.5594487073363898
1.667958527650567
1.557592973022181
1.9999997679515629
1.7589386237537075
2.184079317280932
1.999999905441129
1.4089260901740688
2.353755855078714
1.891370692944569
2.0565980695595933
1.5299298777593526
1.4703630623864736
1.9999999214876898
1.4999998825434064
1.999999959602299
1.963764106152233
1.666666604801812
1.4999998999990918
1.999999881243502
1.9403423444467025
1.9999997249684298
2.2460923352169937
1.9999999365776333
2.014930284723438
1.999999764948078
1.9999997542293364
1.504601139910064
1.54862958231991
1.9999999874202847
2.092365405371243
1.9999999294534123
1.532013983298031
1.6932349414637673
1.666666543166129
2.0446262026752935
1.9911878658137887
1.6603104040737198
1.7061834339549529
2.212846340513634
1.7498825511990796
1.8275369681759777
2.243604187585394
2.2480880287526945
2.029219756642955
2.2448462157370868
1.6584282643281612
2.136815211659004
2.270904431821099
1.6666666458364412
1.999999797420975
2.2255180086927533
2.499999931785933
1.5442103978631025
1.5944467189662925
1.9999998561638415
1.6666666221731872
2.0064387780310096
1.9999998459365842
1.5785729932526642
2.038923266017819
1.5163502478560644
1.3333333081224454
1.999999986938423
2.104174364559312
1.6907998334505536
1.999999817023837
1.6666665147702961
1.6767166374531493
1.4999999448618682
1.9999999321767485
1.6666665690155726
1.4300331593362927
2.2242606551422144
1.83835846297648
1.9999998706418225
1.9999999575718164
1.4218176779785558
1.6105919938034483
1.499999856626713
1.7361385604008284
1.6666666134323949
1.999999891863814
1.99999989669523
1.9560432285179696
1.6950629185642065
2.077942082825631
2.0551943761844442
1.9147918653844054
1.9999999311577987
2.2674640207452663
1.9999999875532806
1.504939702663533
1.8286886459180387
1.499999832469708
1.4999998461232427
1.7435132973802407
1.8241207829404757
2.017384187913484
2.430187382210034
1.9999998700300317
2.532299717419446
1.7892542073362958
1.9999999192642828
1.9999999629948413
1.7336186594416083
1.999999904511189
1.9999998039541695
2.131481285958335
1.7428754526844317
2.0429049636899355
2.0848754254093635
1.9999998388477613
1.5815801163706413
1.6635486975476022
1.7328077908173987
1.387474028987102
1.841390453584929
1.5203958155945305
2.1517239864795186
1.666666556897726
1.5246320123219543
1.6666665760655044
1.9999997654238324
1.9999997586396108
1.7422906813072414
1.9999999608500865
1.9999999576719416
1.7668742777439768
1.440896542511788
1.5371744068762299
1.4999999522238088
1.9999999084254012
1.499999869074617
1.869431628127573
1.5770400872333863
1.999999813171373
1.3333332509359865
1.4509202971215305
1.6744718875449944
1.4650329407147482
1.4999998428031749
1.8338449042240113
2.444799132918382
1.9999997778129963
1.6030964299415256
2.170560775183021
1.9999999163331632
1.4638095771337234
1.538638777700249
2.0168004723007513
2.736638552195053
1.9999997936851985
2.309641452139146
1.6666665415484736
1.99999978945774
1.6600811380620035
1.9999999009597742
1.6974368740967998
1.9999999842700809
1.7103604007473983
2.1861872029093026
1.6666665253825605
2.2184080886893134
1.9235764322775137
2.085259612360112
1.999999939522531
2.0300006832775903
1.9999997540156866
1.7565947809298614
1.9928043790271843
1.999999897433769
1.999999747565841
2.000742479087979
1.9999998018169503
1.9999999221573703
1.9999998913652595
2.566599739474715
1.999999762047819
1.9999998122019411
1.850690748640342
1.5726181051232853
1.4567223439963826
1.9008320101736698
2.701979411158417
1.5136101199763237
2.0058857790876843
1.6666666271506698
2.0780775903986504
1.249999965293458
2.121402606606159
1.717037933209132
2.2641394262212478
1.499999867017159
1.999999789601969
1.6666666551461176
1.8219609907426537
1.5565262767258123
1.9999998088914224
1.9999997930775428
1.9999999617636715
1.8709518330694013
2.137201504611361
1.3333332681122505
1.718148626506024
1.999999889011562
1.999999857596153
1.9999998097816287
1.7289950806886194
1.71917227378421
1.9999997263597404
2.094071311871906
1.5855953567642715
2.2238294944534354
1.9286785903806432
2.1208993348326373
1.3906611710104593
1.9999997705308503
1.9999998389915117
1.8227620205533943
1.724201229620837
1.9999997127181064
1.9776393552919844
1.499999966907509
1.999999771762729
1.9999999588366304
2.3452823474661573
1.380944129612879
1.9999999156894068
2.3862874409185513
1.9999999727377207
1.9999998926877829
1.9999999926500593
1.7492724137723625
1.7473913716748022
1.6130368788023786
1.5890816525155487
2.0604770416560103
1.4999998508936658
2.2940950286050716
1.8230391166124635
1.99999972580723
1.8591364610861627
1.6666665552932751
1.24999989050566
1.9999999205271435
2.0726897514408194
1.9999997317185079
1.9999997519833403
1.4999999601784824
1.697024830532959
1.9999998836597999
1.8816522000467537
1.8267911935507757
1.9999997077812328
1.6666666539954147
1.7455999604974632
1.5009625998479035
1.8584407638952873
1.9212976270231663
2.129768187208659
1.9542196199888053
1.7630165793416586
2.7184509338230667
1.9694276205892418
2.3388411314387176
1.9999998986014444
1.9013823543298347
1.6666665913206467
1.9999997363342656
1.999999784048918
1.6666666228032785
2.0697603856042215
2.0164007691046377
1.7545756128027743
1.9999998875099745
3.3100808853718817
2.0658497862777767
2.110024015383354
1.824341176012121
1.512697577651338
2.0920153646623354
1.6666665949600363
1.6172352777003816
2.187914055735577
1.8376385323993407
1.9999999503659027
1.7032072859966243
1.6375210387796193
1.8945876624061484
1.958205919877611
1.9648177179378297
1.6666665837013994
1.999999894343883
1.417254039701683
2.00974543414525
1.8832054601095987
1.999999827461602
1.7673905942681059
1.567235038677349
1.8799453270123683
1.9999998435288744
2.0693164615837656
1.9999997543035521
1.6403704753644888
1.9551246234588535
1.4437139479893113
1.999999809590698
2.0524705370099405
1.6666666028960717
1.3649931683904157
2.161729704126572
1.9999997839610333
1.708666546448464
1.9999999157884825
2.0165509926666623
1.8266963835927919
2.0728832109757955
1.969917860189399
1.999999957332992
1.7455802752787242
1.97073809882876
1.6275926233936846
1.581813177113159
1.8567594630906423
1.5815937340200392
1.6666664942312857
1.9999999214876898
1.5499315324881455
1.6666666327109212
2.0161082181608148
1.8282182589935962
2.0229624302089433
2.2663765969360887
1.5479388789761075
1.7122107997272744
1.666666499164379
2.0150553763116945
2.229150022776707
2.033433027969804
1.9999998265956664
1.99999991469075
1.5430601885587183
1.999999790622342
1.9999999278918819
1.9999999924200744
1.6142111056234671
1.6666664815337733
1.6666665590904732
1.7845941166065298
1.7404958173155516
2.1202669896520128
2.7132955385798345
1.9999999611083799
1.58100825542609
1.5675041446271394
1.6666665139323489
1.999999770621447
1.8146142710301403
1.6666666471198013
2.1265020240133103
1.867055302743673
1.877505693914389
2.0487524336882377
1.999999928031024
1.9999998511719863
2.0390845324157936
1.620751845560873
1.836061292975278
1.4229262135074163
1.4245897335544933
2.250243252980792
1.4999999487151354
1.5690308710963408
1.4999998935075953
2.2232902167319275
1.6666664912582618
1.7806369696844184
1.9999999089735403
1.8202200072707733
2.499999622668388
2.0384605161051637
1.6666665300128594
1.7685116928642794
2.010361187512769
1.6748138850509384
1.666666620238392
1.8380598853667325
1.6666665274354953
2.042390569759467
1.999999762047819
1.691900767177324
1.5463068800634057
1.9999997776293306
1.4743411092203076
2.0955254651630764
2.218140664351882
1.9999999197810596
1.9999997619157235
1.6913506834708596
1.8463257592281817
1.6757503791339108
2.1488134409841297
2.005332072798397
1.999999883650291
1.9999999811942086
1.6927017469799688
1.6859491768049177
1.9999999377091944
1.7459688693526778
1.999999806185535
1.9999999089140852
1.999999797691988
1.7048228953778375
1.5882971353382667
1.999999858912248
1.9999997608200952
1.4999998657868892
1.9999997765691324
1.3333333186618022
1.667057766657036
1.4999998945440292
1.7375621228051883
1.9354442716178109
1.7010600913785152
1.333333304609781
1.9999999812148592
2.1597277043005345
2.520743379208636
1.8280208111581089
1.7512868929086647
1.6995580937818713
1.999999905953882
1.8583569753808544
1.5295600640799154
1.7161150464514645
2.4268445284112663
1.7430182809058676
1.7170033021235827
1.4999999273368922
1.8062962166690515
1.3954393883496223
1.9999999322145319
1.9999998376828618
1.7544758610499358
1.999999771327207
1.6752951770949174
1.5398870042318387
1.6666666576131548
2.02371285881323
1.8744898545986477
1.999999904613316
1.999999770380727
1.9999999671231687
1.9510295699956062
1.7126856241334165
1.5933822662065469
2.20820870377171
1.9999998547329525
1.6666665869074597
1.999999739180603
1.2116496111901824
1.9999999269661404
1.3562279604630592
1.7660608903898753
2.0704002299382513
2.263382308389969
1.550985021188101
1.7974605531877388
2.371310416227945
1.5538242027879579
1.9999999349660944
1.9999998101481864
1.7331007653542694
1.727790502985035
2.0824899517364215
1.5238979938967991
1.9999998261830143
1.5050738986904888
1.999999998449625
1.9999998947470603
1.3468540425317552
1.9999999119869747
1.4999998629467892
1.9676068220976333
1.9999997698083238
1.2745858448829426
1.9999999311882464
1.3333332291939404
2.343123333394802
1.9999996989052187
1.4999999184818873
1.597419740682008
1.999999954703958
1.5237467843097772
1.7977449014573308
2.057007607803158
1.7821391856956663
1.5759619512085914
1.6666664988362283
1.7824042626580758
1.956186227655186
1.4999999130133645
1.7646760541722344
2.00838920733105
1.9999998656940468
1.9999998124573697
1.4758395494834156
1.7978172693477963
2.064337640145674
1.7940632930432787
1.9999999848618075
1.6666664670564948
2.128361954212414
1.463638506235532
1.6390391923647014
1.919550142292154
1.9999997312963447
1.6171934243142136
1.9999997708074206
2.183524621354154
1.999999952639363
1.9999999142764697
1.5228760763452158
1.9999998088914224
2.0117980590009132
1.9999998099193657
1.4854653237229845
2.4448209419517597
1.9999999039181713
1.375456715867437
1.999999958596778
1.8608555890100498
1.9999998578332137
1.770159065014673
1.5748284529770593
1.9999999142394755
1.66593020593894
1.9999999047633057
1.6666666078363725
1.7553403309293458
1.9999998418731566
1.9306749315219216
1.531114056614478
1.9999999826981372
1.5725260155509821
1.9999997742646485
1.6666666167213706
1.6558881107131929
1.5252422693476466
1.2465132056298602
1.99999978977326
1.4999999321761988
1.587929881835866
1.7211716123308307
1.667870199971557
1.9999998418006746
1.9445016618330804
1.5159836651354635
1.6666665387697701
1.9999999255317311
1.9999998863047521
1.7226702343086306
1.4999999616268125
1.8040246861650362
1.5429953229009048
1.3363963801196128
2.2897862446515562
1.9663415840353267
1.9999997895406814
1.381679432515846
1.9075237322947756
2.052576434890666
1.2499999059912958
1.9999998560907304
1.999999748057201
2.109502288306649
1.3333332321518008
1.9999998644158408
2.013781405402981
1.4999999111502649
1.992441526302797
1.657702604386385
1.6666665877487574
2.37281264397887
1.9999999388248617
1.3333332976766348
1.4999999275115703
1.2499999664455557
1.572111044322763
2.021299691397959
1.5938094425985556
1.6861827966406473
1.9999999893186011
1.999999745897223
2.2079168782782
1.772927203909417
1.8777948896767507
2.1341426815941076
1.6969314462074214
1.3333332514882603
1.4999999380247562
2.148684510721268
1.7553052593040335
1.9999999157884825
1.7679759253032554
2.0199259943948995
1.9999999508968989
2.019506547248905
2.1019469022929855
1.999999706561792
2.0974994233553312
1.4999998926677294
1.9999998292464698
1.5971121518881781
1.999999807226942
1.9999999036293274
2.3370470315200915
1.9999998348656298
1.6666665217200762
1.6040242321901175
1.4999999198889324
2.162484689080416
1.5309732545823256
1.9999998374860068
1.6985455235355895
1.9999997532335971
1.999999813485648
2.1997724460167896
1.999999819355874
1.5763298464005988
1.5430380136440476
1.3945962275039812
2.0113934203394215
2.3040378170670275
2.12036448414112
1.9999998432806965
1.8385265387627538
1.9453536472241841
1.5060840639114756
1.7531388304117341
2.6246409706411487
1.4999999280391518
1.9549011557664357
1.9999997633999766
1.810208323296298
2.1718349128527827
1.9999997711826265
1.6666666492575923
2.0992386523548
1.679902764072707
1.999999948761813
1.553094767051113
1.9999997615684761
2.1153765906514526
1.999999859671759
1.9999997626318229
1.9999999713341508
1.499999977261052
1.4999998683957254
1.6661210403967943
1.9999999101249375
1.6666665113553787
2.124097454819689
1.9999999625817002
1.8821413208038382
2.373945272971059
1.9999998651784767
1.7415605983093485
1.5699435304702678
1.8902384541512633
1.4348523220058682
1.8712626309104292
1.8523401207853243
1.499999962354962
1.7049273445713726
1.3968380133637008
1.828152406448611
2.2306985977225993
1.5442554328328624
1.6893421005944012
2.053834191593789
1.9999998961673062
2.1848527424664117
1.6856593826050177
1.9181706937951448
1.999999855565141
1.9999998044095892
2.3300380162413137
1.9999998844718025
1.66290054355596
1.999999804514308
1.5585772597078873
1.3864757500719707
1.666666476597195
1.999999768044716
1.1366322165167146
1.523341511062175
1.9999999346704092
2.0892013891709746
1.9999998026639862
2.3993279438246646
1.5916198026519313
1.4999999247563296
1.7653316328492674
1.999999826410658
1.9372770474844616
2.0551245586148674
1.9999997448714018
1.486226347368257
1.361118829839984
1.999999886415552
1.9999997717462303
1.9999998644618295
2.3224296533718185
1.999999970002381
1.7713670957681424
1.598626323597041
1.7384989274173015
1.8826621533344445
2.0036272750809854
1.9999997875688316
1.9999999790638314
1.6656748269249524
1.6666665577300481
1.999999788972418
1.8305509899533654
1.6475256900954558
1.2539910990164869
1.333333308333506
1.9999997771816438
1.9999998247341007
1.273368705673076
1.4546275921988192
1.6596856400598454
1.6666666387274047
1.6425451903435435
1.6383011486366166
1.8093255490763236
1.751338567713076
1.1999999754626545
1.9999998667693009
1.5179896796483605
1.5486996881625235
1.249999972246809
2.454489595623196
1.708151674665488
1.5096552862053438
1.9999998523210314
1.4999998619242836
1.9999998224660516
1.9999999659322336
1.9999997664741662
1.9999998174712776
2.305736887944256
1.7124431091588632
1.9010328715957192
1.528308546325779
1.99999979617692
1.5802277298593577
2.044928139936823
1.4999999357961558
1.9999997606378404
1.999999903663209
1.4999998533958245
1.4596979511040447
1.4999999746195913
1.7610525002928172
1.9999999961793673
2.370962891181172
1.333333301337213
1.999999991292521
1.3333332677586152
1.7076075792826666
1.5902388551268607
1.9999997658424842
2.3009985691001016
1.6208133872909691
1.499999889666806
1.9999998557103986
1.818795672494511
2.0124693367790436
1.9973889657529678
1.9999999452880586
2.0098756745889133
1.9999999039241798
1.9999998363505562
1.333333309485448
2.3232566001226242
1.8226062547818933
1.9999997833024599
1.9999998204941816
1.6278312460386113
1.7095884540406379
1.4598811087436165
1.5998223808657095
1.999999902027119
1.3333332325439817
1.4999999176627792
1.9999999491239386
1.9999999925032832
1.9999999375885256
1.452676876046961
1.5198389577438354
1.404126245057023
1.9999999081943411
2.0638547315228766
1.9999997752875536
1.677493838442659
1.9999998631020952
1.5463031441422528
2.0624240119688064
1.8146190142353427
2.3324863705476795
1.6666666260771847
2.135107190193571
2.1569516761628913
2.1749630464438816
1.6126590292152927
1.7134435844501181
1.8325215686776353
1.9999998870013254
2.2156553084890294
1.668065804449043
1.312279499856491
1.6683656384313852
1.499999961526587
1.6540554823633915
1.9999999333217613
1.9999997751090979
1.6666665545174373
1.9999999009169591
2.0902194026674037
1.6831913230108784
1.6133718792850393
1.8191952311131006
1.7338361123164203
2.056275719812667
1.9999997419303486
1.4967593530430863
2.2921673979450206
1.999999954431945
1.223680611421905
1.999999913920983
1.9999998902479983
1.3802002723707825
1.8292805453613326
1.9999999080795883
1.7832092450873782
1.8674862508874712
1.3333332055018834
2.1001622887722693
1.9999998313833867
1.9999998676364177
1.756044009651583
1.6666665690252866
1.6290005953635396
2.5527836561706483
1.6987176510142328
2.2877511385901728
1.9999999654342455
1.333333256287821
1.9999998182081407
1.9999999913977717
1.6691573804718958
1.5899340117873426
2.381797943675174
1.339864348825589
1.9139939601048885
1.5635117033279815
1.9999997980437965
2.0109994528136075
1.5127509852729562
2.007713531650484
1.9999997562035883
1.9999998921104067
1.999999996693458
1.3575692758608808
1.9999997438116834
1.9252340820143716
1.9999999127473098
1.866998963936992
1.6520295058513637
1.8327438865030086
2.768074494811643
1.5864827258600365
1.9999997586633205
1.9999999935594475
1.9999998304275242
1.8593571969914524
2.031809844369224
1.9999997460834122
1.382833931454281
1.6666665128154838
1.6666666656912736
2.125256049493838
1.7005782040083761
2.2284370466383505
2.1432582242809524
2.1278135036370167
1.5149623219751276
1.9999997361981516
1.6309233425086578
1.746849391480187
1.9999999821958934
1.5594677944808402
1.7692448642827214
1.5662133312775086
1.679059634032618
1.577530632591643
1.5356195849616203
1.6666665779802496
2.214228583728107
1.4999999864841593
2.0122809452530284
1.6127629185619454
1.396234111113014
1.9999997997811028
1.6504294058391755
1.6024970488387817
1.4999998516615558
1.9999998211350825
1.5529152612628916
2.236606903779468
2.0339864672271153
1.656475040578664
1.9999998897543638
1.681917324742528
1.6972265730334983
1.9999998567152464
1.3961451542643566
1.362981713957748
1.9999999976174896
1.199999929548201
1.715248431206768
2.2718537623623085
2.714676135090898
1.845011814721832
1.99999983339962
1.4789454464214826
1.9999997732601202
2.202782436319602
1.666666485597964
2.1943134487389946
1.999999797060151
1.666666586721833
1.666666523030618
1.620205713876836
1.7991845135010185
1.6666664654337495
2.031062933654256
2.4999998921313686
1.7309462598293173
1.6745143295194365
2.087920292803537
2.0692469556323547
1.9999998642438246
2.2475862145232144
1.9380175273128173
1.0861820836824112
1.867421586561167
1.9999997752875533
1.6540536360362088
1.5617226789235834
1.4029148444807664
1.9999999214876898
1.644818164692371
1.999999978090001
1.9999998196612778
1.8523470878521633
2.0755569284117
1.8469569724029922
2.0608578697856608
1.5594474528649227
1.5036281000614853
2.1456894412823013
1.705057201185035
2.1952681300157755
1.8479682654513405
2.4330357374438933
2.378271072915744
1.6683599359967254
1.9999999727563034
1.9867234839181926
1.5094437809181975
1.4818809034189329
1.9999999418847305
1.5605727898385884
1.7429437717996519
1.5451125098801606
2.499999787424737
1.7012068055795173
1.8823949472033004
1.9772992511254452
1.9675639464467214
1.333333289942935
1.917697905226193
1.9999998607362715
1.4999999606656098
2.0201097377785264
1.9017961317107157
1.8765098483636766
1.4999999851417463
1.3333332928418313
1.801429835725541
1.8203425709055077
1.999999903587132
1.4999998818422853
1.801506766634436
1.6666665954145392
2.4204535063077994
1.372189384236254
2.0303942326469415
1.4999999663957526
2.0288063848641826
1.9999997956345792
1.5823130612017993
1.603420947316027
1.3333332610198343
1.9999997249684298
1.750463440892333
1.6666666116215205
1.6571424687179743
1.333333319410298
1.9999999228916086
1.8499074388251138
2.49999963465281
1.6666665431636252
1.4999999221912772
2.043613898967779
1.499999929395004
2.0424896069843674
1.9506871686171345
1.9999999769854409
1.9999999206701111
1.9999998159359966
1.5423196639150247
1.5607380273716107
1.5755424014929669
1.656368873970686
1.7420104175461224
1.3333333148600472
1.3371957659063531
1.49999998855513
1.4532189601993075
1.7742703142769167
2.2806911178800275
1.9450536935804281
1.3333333176410451
1.418256014280432
1.66666664841167
1.666666511031525
1.9999999228306586
2.072465394245966
1.843911881791947
2.189569113676968
1.6666666322422308
2.0660511147125606
1.8914913897356558
1.9999999575718164
1.6935220481650024
1.6666666230996325
1.499999899206412
1.715609869795589
1.950198809076538
1.6123514867395952
1.9999998888125499
2.0180078869650497
2.0201738348588965
1.449089629480156
1.6969294995681006
1.698916380071788
1.9999998790439877
1.9999997181754396
2.2209903004950995
1.6832859545560903
1.4999999687617847
1.999999769991757
1.5523261562203636
1.9999999064457232
2.1777988684791167
1.3333333264246905
1.85890752255859
1.999999937330587
1.9999998468509643
1.6188487989703795
2.2393628812069535
1.8029434943849538
1.333333321839556
2.0196948380376485
2.0828516810091116
2.035147206753574
1.6504216606722706
1.9999999504932322
1.999999778813688
1.9999997243114715
1.4070145147263133
1.9999998722295693
1.4999999858202615
1.6015164677533311
1.9999997817899586
1.4999998908220284
1.9490461112762096
2.0067935014327785
1.4999999661698005
1.6666665283538007
1.3333332713831645
1.8576279208685418
1.4999999889307194
1.9884903245024803
2.030707584362912
1.4999999071687768
1.6700447508513727
2.1115842133792992
1.5144897196766038
1.9999999416953747
1.8819022446507159
2.1518896263417986
1.4097869625345365
1.9999999044536947
2.496161677310465
1.999999880742001
1.6666665349321788
1.6252658318032553
2.6786139869605914
1.9999999556007528
1.9999999473401235
1.9999999009501792
1.9999998047729057
1.9999999117388898
2.063436195109784
1.9167191071518932
1.7354744827351707
1.6666665670230572
1.7569532924735531
2.0689847424948367
1.3634348526209994
1.911161901950837
1.9999997868641433
1.9999998107703905
1.4999999754205282
1.7025720689665094
2.0734685699046227
1.5845330691221386
1.3333332101000965
1.668606816455186
1.4999999221480904
1.7772909482826944
1.1999029369926455
2.471831993027276
1.7971372429723502
1.8066974834344387
1.9534405890053528
1.7939992268542628
1.7789568116447743
1.8465288170631784
1.6562507235458512
2.12701898787533
1.9999998611033603
1.9999999529828654
1.5481570932208855
1.9999997921802248
1.4295376025094084
1.797939354970108
1.6169761843299106
1.6666665826072384
1.8899420083711624
1.6666666079756323
2.000478925938478
1.391226752374041
1.6666665655810164
1.6428317948432238
2.3797611343469196
1.69277084524874
1.9999998746405436
1.999999830517225
1.9999999937416628
1.6951461813133026
1.99999996852931
2.2852324071822543
1.5428196490889168
1.8959853768371653
1.5613252421747619
1.6113968475341003
1.7355279450416572
1.999999764979153
1.9999998606926426
1.9999997444760427
1.666666659875039
2.1650901770672664
1.3672132041328464
1.9999999050270922
1.999999842652557
2.1008070055630257
1.7274166462032305
2.2877730170398913
2.268052494082977
1.999999855138089
1.834817529815202
2.107997654976585
1.7321334123841265
1.6770747078609969
1.833759567741446
2.1385112212586033
1.379344280294412
1.9842601701178142
2.1349729128349018
1.8452138449604052
2.3502037015923496
1.6141588347724347
1.7957027517655846
2.1143294674347968
1.9999999073542143
1.6823910482653304
1.5863531933175583
2.0127452724363217
1.753824712249988
1.6666666602998366
1.2686372631498022
1.1214735289343998
1.3333332464291279
2.1062160772072605
1.860430703172631
1.8052283127130213
1.9999999927983332
1.9999998011553999
1.4413535932738675
1.7181701608165076
1.6895751263209866
1.9999998307138502
3.0328923614265464
1.562461274682747
1.636042878693489
1.9999999756770155
1.9999998977316247
1.9999997430804515
1.6200098982517952
1.767584211193471
1.9999998551652902
2.2462551645574984
2.0435278476922423
2.3731650146176393
2.3817134946262204
1.8235596666723575
2.0014810094613362
1.9999999721272936
1.9999998684488298
1.7155600007356875
1.7777238960278559
2.2062913466031078
2.010193730627154
1.8616319412886706
1.6666665629440598
2.004022360905893
1.9999998415360327
1.9999996896776249
1.9999999659322336
2.8526533447501796
1.9999999247686042
1.9999998538765282
1.5302866855469528
1.8803123852700099
1.6467005111495918
2.08725408228193
1.4687936524679917
2.768175034475736
1.7376232972355832
1.9999998795743794
1.6023981503889873
1.5618984557313071
1.3333332894263852
1.7556764474780195
1.8804329872646537
2.1216095465224774
1.999999912689431
1.999999959602299
1.4819243994898939
1.9999998336732938
1.9999999267257051
1.1571132148521943
1.64232139962933
1.9999998695533872
1.6676710478848547
1.6081593674129397
1.9999999301984925
2.015740660034923
1.8937854258753608
1.8153055549928256
1.5836645431394627
1.5902117647058824
2.048077738253537
1.5081041784805564
2.4381728982544346
1.49999999930837
1.9999997532335971
1.8250107909529263
1.999999936715219
2.3338496725787685
1.5704415799192546
1.9695709969142692
1.3333332712702999
1.999999969456946
1.999999798536833
2.2851766309363244
1.6897715760435168
1.8451059662225764
2.022182550504504
1.520306957509371
1.6030499454371165
1.580986063778079
2.232170730404033
2.140073847303689
1.9915840480270226
2.039526444626832
1.9999999281219747
2.2079174764231224
2.055871774258068
1.7737089722768171
1.6662089867511356
1.9999998115851332
1.7128186315241267
1.5985316397398848
1.9999999184022008
2.0946073646303662
1.9999998855365064
1.7653654642388867
1.999999769410517
1.8497855935317258
1.6666664807640679
1.5882316510168222
1.6083563273271728
1.999999855309377
1.626864878401048
1.3839402031476962
1.9720991792248523
1.4809833085838562
1.9999998518029354
1.3333332129547022
1.9999998282078983
1.6666666135297945
1.7058712269027085
1.5195839976926702
1.999999933116151
1.4999999472063144
1.507102342614852
2.0413165550957624
1.3850782688798926
1.9999997490357821
1.5697031493881162
1.3333332721008835
1.999999884170671
2.2041132511437986
2.041975038905869
1.9999997317185079
1.9999998506019705
1.9999999971191054
1.9048936405570707
2.008975337697625
1.637274168913259
1.999999926851017
1.9999999580777197
1.510980543132848
2.113073437125282
1.2499998911022752
1.4746696368562893
1.999999895999362
2.3902562170849198
2.343393394171641
2.8136041850941447
2.8511053250176053
2.324862224347128
1.8367161990512728
1.813189519600648
1.7607087046514294
1.5573046558833588
1.6129323767587933
1.9999998260831042
1.6667012884961654
2.0372354391821244
2.283574179502815
1.5310835223777546
1.9999999464301652
1.5589834182312983
1.6741101182420124
1.6380518791140803
1.4999999173278107
1.6666665565075467
1.9999998697228922
1.5538833642971328
1.9999997759993968
1.4496899482436514
1.4899668557532164
2.561989065683517
1.6821292182053005
1.6241168968791433
1.8115960838262646
1.9999998859351822
1.8009848723049318
2.07498919106283
1.795729728640004
1.7807828811126305
1.768857678524502
1.3945638209649718
2.4160664697622924
1.3333332167652074
2.0623989291591194
1.8420325280179937
1.6325394481311613
1.2896609786303177
1.390650783629374
1.8422435542606856
2.3822763487688907
1.5533110805303665
1.5117636766248972
1.4999998882594863
1.999999760788686
1.9999999694973494
1.5918496385819534
1.499999891035693
1.7574320741456588
1.5092826338881729
2.499999989205143
2.025023959022442
2.031427566702395
1.763164834235646
2.004910098236797
1.9014644735273698
2.0018088910090817
2.244884047546782
2.0236959646500936
1.99999987519717
2.2915056373721137
2.3031037412291178
1.9245783732765218
1.8804569127305921
1.9999999112861142
1.5283457558259501
1.9999999311285583
1.9999998794165719
1.999999816549229
1.6853700536918241
2.1082024667895176
1.9999998746502754
1.414056362133632
1.9999999936950412
1.5391138856449333
1.9999999661331713
1.7537176905266216
1.6796873400792378
1.261552861372454
2.0533677969677377
1.9999999414578247
1.4719788651387897
1.710177786439665
1.7438646441879169
1.9999997597052557
1.4999998875121698
1.9999997949540638
1.7890038543169549
2.494038335952044
1.5652725027888488
1.4641468056541924
1.671233317118901
1.61128873229504
2.6728924189526104
1.9999997350552434
2.30056863433128
1.9999999611438353
1.9999998985152214
1.2318154251746132
1.8650204122890088
1.8676007665295205
1.5623477548654385
1.999999950087322
1.6165014976562824
1.9999999522458614
1.9999998026904127
1.9999998148655729
1.8885933054943134
2.1599117626503572
1.8328575465882686
1.9999998611033603
2.205460841795544
1.6749406514829848
1.4999998392781877
1.9999997539917507
1.5422408555835194
1.7902920068773431
2.0610609926039762
1.704184053218867
1.8941659687065437
1.9999997675869112
1.9553734038577566
1.999999784544584
2.2357760952879207
2.072533566565659
2.4623290094237813
1.7192643041916096
1.999999761830928
1.7260427446189026
1.6666665403918277
1.7272857398812127
1.9999997470440647
1.999999823484461
1.6780863269908304
1.4627039122370238
1.9712574605451834
1.6265755515335811
1.6666666131143613
1.6601603788943347
1.6666664970631837
2.2570322167317807
1.499999957032361
1.7328889513751768
1.7070783133815741
1.5365871095816726
1.4999999631726741
1.7193407054707668
1.5469144966317492
1.4020653114327093
1.9999998614254542
2.1573483133600764
1.9999997965173921
1.6666665739655482
1.9999999599651213
1.7010651706801732
1.6950892255986254
1.122180335174886
2.4999999911836763
1.333333243088908
1.4699327884624163
1.592796109938129
2.4652153348180574
2.2095522821136595
1.5317280765116603
2.038715393807
1.9999996573357504
2.0805066836012482
1.7388128454652698
1.771328829489101
1.9999998249741961
1.9999997511302403
1.7494856001531889
2.117854093832968
1.9999998579052696
1.588070643606955
1.5912888798422962
1.4999999769626222
2.2860044581953534
1.5424955997730239
1.6666665948971477
1.6466321980214524
2.190278352273491
1.9999997671949659
1.7783745700369586
1.999999834143611
1.5243128340688905
2.311952595729057
1.7495964714468926
1.7151281805306227
2.2616870555012643
1.2499999330664573
1.9999998535235357
1.9999999370733814
1.5225281336469292
2.130795554386798
1.5331857407591636
1.66539099699638
1.6666666475502854
2.253727715306421
1.9127542632769285
1.7654936670804169
2.0284623099209766
1.9011288102980552
1.666666476826502
1.4999999875651786
1.999999819502335
2.0498812408275167
1.9999999192052398
1.5699512363990027
1.6518192051957614
1.6666665804750107
1.9999998584588383
1.9999999351090687
2.0030949052198523
1.9999997562035878
1.6666666462949251
2.1214785159146845
1.5136110895043193
2.023990569525525
1.6666665548699908
1.579797200869536
1.9999997856723983
2.1589764482612
1.7026107033188367
2.0324487585988655
1.3333332428695126
1.7178976509884283
1.5129537730168015
1.4041790923440631
1.6655252719949483
1.7045354878718866
1.6626570641555936
1.5194870342114293
1.9999998281469238
1.9999997607372766
1.952511776060525
2.749372839151776
1.9636167793123422
1.4999999377188133
1.9999999861746538
2.0055256109361372
2.2815014975385237
1.6345843039609804
2.035355060485998
2.085623906236632
2.344678558563047
1.9999998217110653
1.999999810089976
1.5887843610748453
2.1998167638199093
1.820594002699372
1.9659339892497147
1.9999998772455805
1.9999997767664024
1.413134747469175
1.700023083503169
1.7012834542593744
1.8951697051531098
1.3790908351712414
1.6797861461460617
1.477736974069951
1.8212432690704934
1.5228207976874142
1.9999999938572826
1.416077308357559
1.9999998763067468
1.6234727530490711
1.74244398183151
1.5939746182095573
1.7821252739952154
1.6923965890491273
1.9999998727867558
1.5544559185975995
1.9999999689254713
1.9999998980656486
2.4999999337426733
1.4999998876396354
2.1924821309208324
1.5998881193328207
1.999999865773586
1.5773177480739238
1.848455527289477
1.9999998504575476
1.9999998880530954
1.6838242910306158
2.33044966419037
1.7457918322935555
1.9999998387126958
1.8005869430249317
1.9369052149555643
1.9999999043577943
2.0386316015585217
2.3777859734706217
2.042890475847777
1.9999999641251047
2.4178903618318173
1.9999999323896767
2.161801137020991
2.1293053395084134
1.5500646518051626
1.8771320348840415
1.499999920859479
2.0576268228336194
2.1594823204533937
1.999999981718274
1.9894012018463543
1.4999998504378744
1.666666562025692
1.8429460813650456
1.8012853997933274
1.4999998631190654
1.6749288912502955
1.8610933241726784
1.6880424142614425
1.6780516349073447
1.999999808489673
1.4846178477953198
1.5554062528238062
1.6666665651303743
1.9999999294346422
1.9999997922543615
1.999999970002381
2.078190274819291
1.9999999533789705
1.4999999114802698
