0.0006005764007568359
0.0003294944763183594
0.0003027915954589844
0.0003342628479003906
0.0002522468566894531
0.0002925395965576172
0.0002524852752685547
0.0004086494445800781
0.0002503395080566406
0.00031185150146484375
0.0002875328063964844
0.0003650188446044922
0.0002875328063964844
0.0002465248107910156
0.0002474784851074219
0.0003237724304199219
0.0002875328063964844
0.0002875328063964844
0.0002899169921875
0.0002453327178955078
0.0003228187561035156
0.00032210350036621094
0.0002524852752685547
0.0002875328063964844
0.0002837181091308594
0.0003261566162109375
0.0002884864807128906
0.0002472400665283203
0.0002498626708984375
0.000247955322265625
0.00032591819763183594
0.0003256797790527344
0.0002875328063964844
0.0002834796905517578
0.0002815723419189453
0.00032329559326171875
0.00036978721618652344
0.0003235340118408203
0.0003261566162109375
0.0003254413604736328
0.0003261566162109375
0.00024628639221191406
0.0003628730773925781
0.0002868175506591797
0.0003609657287597656
0.0002827644348144531
0.0002837181091308594
0.00032067298889160156
0.0002448558807373047
0.00030732154846191406
0.0002853870391845703
0.00020599365234375
0.0002808570861816406
0.0002841949462890625
0.0002865791320800781
0.00028514862060546875
0.000244140625
0.00020623207092285156
0.00024366378784179688
0.00028324127197265625
0.0002429485321044922
0.00028228759765625
0.00024437904357910156
0.0003256797790527344
0.0002911090850830078
0.00024390220642089844
0.0002434253692626953
0.0003199577331542969
0.00028014183044433594
0.0002849102020263672
0.0002834796905517578
0.0003650188446044922
0.0003230571746826172
0.00024247169494628906
0.0002810955047607422
0.00032806396484375
0.00031948089599609375
0.0002410411834716797
0.000339508056640625
0.0003228187561035156
0.00024080276489257812
0.0002434253692626953
0.0002810955047607422
0.0003190040588378906
0.00035500526428222656
0.0002429485321044922
0.00031828880310058594
0.00024199485778808594
0.0003178119659423828
0.0003228187561035156
0.00032019615173339844
0.0003294944763183594
0.0002810955047607422
0.0003209114074707031
0.00024175643920898438
0.00028014183044433594
0.0003209114074707031
0.0003173351287841797
0.00027871131896972656
0.0003197193145751953
0.0002808570861816406
0.0003170967102050781
0.00027942657470703125
0.0002815723419189453
0.000240325927734375
0.0003299713134765625
0.00028014183044433594
0.00028014183044433594
0.00023984909057617188
0.0002777576446533203
0.0002796649932861328
0.0002815723419189453
0.0002834796905517578
0.00028061866760253906
0.00032019615173339844
0.00028061866760253906
0.0003209114074707031
0.00027871131896972656
0.00024080276489257812
0.0002608299255371094
0.0002818107604980469
0.0002434253692626953
0.0002803802490234375
0.00027823448181152344
0.00028777122497558594
0.00028228759765625
0.0002880096435546875
0.00028061866760253906
0.0002803802490234375
0.00024366378784179688
0.00028014183044433594
0.0002760887145996094
0.00027751922607421875
0.0002474784851074219
0.00028061866760253906
0.00027871131896972656
0.00027823448181152344
0.0003528594970703125
0.0003135204315185547
0.0003142356872558594
0.0002772808074951172
0.0003151893615722656
0.0002758502960205078
0.0002753734588623047
0.00027823448181152344
0.00027561187744140625
0.0003151893615722656
0.0003628730773925781
0.00024008750915527344
0.0003132820129394531
0.00035262107849121094
0.0002384185791015625
0.0002779960632324219
0.0002779960632324219
0.000316619873046875
0.0002770423889160156
0.0002384185791015625
0.0002791881561279297
0.0003147125244140625
0.00027561187744140625
0.000240325927734375
0.0002894401550292969
0.00027823448181152344
0.0002002716064453125
0.00031304359436035156
0.0002384185791015625
0.00023651123046875
0.0002741813659667969
0.00027561187744140625
0.0002739429473876953
0.0002410411834716797
0.0002391338348388672
0.0002751350402832031
0.00027680397033691406
0.0002765655517578125
0.00031375885009765625
0.00028967857360839844
0.00035381317138671875
0.0003185272216796875
0.00023746490478515625
0.00027680397033691406
0.00024008750915527344
0.00027441978454589844
0.00027942657470703125
0.00027751922607421875
0.00031495094299316406
0.0003142356872558594
0.0002777576446533203
0.0002377033233642578
0.00024056434631347656
0.00026035308837890625
0.00027942657470703125
0.0002434253692626953
0.00023984909057617188
0.00027751922607421875
0.00027823448181152344
0.00024199485778808594
0.0002779960632324219
0.00023865699768066406
0.0002391338348388672
0.0002760887145996094
0.00031685829162597656
0.00024008750915527344
0.0002384185791015625
0.0002808570861816406
0.00028896331787109375
0.00031495094299316406
0.00027871131896972656
0.0003151893615722656
0.00031638145446777344
0.0003154277801513672
0.0003159046173095703
0.0003147125244140625
0.0002770423889160156
0.00027632713317871094
0.00031256675720214844
0.00035071372985839844
0.0002777576446533203
0.00023674964904785156
0.0002849102020263672
0.0003154277801513672
0.0002765655517578125
0.0003142356872558594
0.0003147125244140625
0.00027632713317871094
0.0003180503845214844
0.0002765655517578125
0.0002770423889160156
0.0003132820129394531
0.00027632713317871094
0.00027561187744140625
0.0003113746643066406
0.0003705024719238281
0.0002422332763671875
0.00031876564025878906
0.0003154277801513672
0.0002396106719970703
0.00027751922607421875
0.000278472900390625
0.00027561187744140625
0.0002741813659667969
0.00023865699768066406
0.00023674964904785156
0.00027632713317871094
0.0002377033233642578
0.00023674964904785156
0.00027561187744140625
0.0003228187561035156
0.0003120899200439453
0.00031375885009765625
0.0003902912139892578
0.00031447410583496094
0.00031256675720214844
0.0002760887145996094
0.0003135204315185547
0.0002384185791015625
0.0003120899200439453
0.00031447410583496094
0.00023984909057617188
0.0003147125244140625
0.00028324127197265625
0.00027680397033691406
0.00023603439331054688
0.0002741813659667969
0.0003120899200439453
0.0002772808074951172
0.0003142356872558594
0.00023698806762695312
0.0002734661102294922
0.00027632713317871094
0.0003142356872558594
0.00027632713317871094
0.00027632713317871094
0.00027871131896972656
0.00033402442932128906
0.00027871131896972656
0.0002770423889160156
0.0003185272216796875
0.00031638145446777344
0.00027680397033691406
0.0002758502960205078
0.00031685829162597656
0.00027751922607421875
0.0003147125244140625
0.0003123283386230469
0.00027751922607421875
0.000316619873046875
0.00032210350036621094
0.00031685829162597656
0.0003147125244140625
0.00027680397033691406
0.0002765655517578125
0.0002760887145996094
0.00027751922607421875
0.0002372264862060547
0.00027632713317871094
0.0002734661102294922
0.00027680397033691406
0.00023865699768066406
0.000274658203125
0.0002377033233642578
0.0002741813659667969
0.0003426074981689453
0.0002815723419189453
0.0002777576446533203
0.00027680397033691406
0.00027680397033691406
0.0002779960632324219
0.00023746490478515625
0.00027751922607421875
0.0002391338348388672
0.0002372264862060547
0.0002808570861816406
0.00027632713317871094
0.0002391338348388672
0.00023746490478515625
0.0002753734588623047
0.0003752708435058594
0.00027823448181152344
0.00024318695068359375
0.00024628639221191406
0.0003173351287841797
0.00023746490478515625
0.000274658203125
0.0002384185791015625
0.0002753734588623047
0.0003173351287841797
0.0003151893615722656
0.0002753734588623047
0.00023746490478515625
0.00031256675720214844
0.0002903938293457031
0.0003147125244140625
0.00023746490478515625
0.00031304359436035156
0.00028061866760253906
0.0003139972686767578
0.00027680397033691406
0.00031304359436035156
0.00027751922607421875
0.0002372264862060547
0.0002758502960205078
0.0002772808074951172
0.00027561187744140625
0.0002372264862060547
0.00032019615173339844
0.00023889541625976562
0.0003159046173095703
0.00027441978454589844
0.0003712177276611328
0.0002951622009277344
0.0002846717834472656
0.00032210350036621094
0.0002815723419189453
0.0003566741943359375
0.0002808570861816406
0.00028014183044433594
0.0002789497375488281
0.0003006458282470703
0.0002830028533935547
0.0002808570861816406
0.0003173351287841797
0.0002391338348388672
0.0002770423889160156
0.0002384185791015625
0.0002818107604980469
0.0002803802490234375
0.00028204917907714844
0.00031876564025878906
0.0002796649932861328
0.00028705596923828125
0.000316619873046875
0.0003228187561035156
0.0002796649932861328
0.00027942657470703125
0.00027823448181152344
0.0002396106719970703
0.0002396106719970703
0.0002779960632324219
0.00027823448181152344
0.00031638145446777344
0.0003151893615722656
0.0002772808074951172
0.00027751922607421875
0.0003561973571777344
0.00031447410583496094
0.0002968311309814453
0.0002779960632324219
0.0003204345703125
0.0003917217254638672
0.0002791881561279297
0.0002799034118652344
0.0002777576446533203
0.00023984909057617188
0.0003170967102050781
0.00023937225341796875
0.0002760887145996094
0.0002772808074951172
0.00031375885009765625
0.00033593177795410156
0.00031828880310058594
0.0003190040588378906
0.0003178119659423828
0.00027871131896972656
0.0002391338348388672
0.00027751922607421875
0.0003173351287841797
0.0003159046173095703
0.0002791881561279297
0.00024056434631347656
0.00023984909057617188
0.0003592967987060547
0.00031566619873046875
0.0002846717834472656
0.0003173351287841797
0.00027823448181152344
0.00023889541625976562
0.0002384185791015625
0.0002803802490234375
0.0003173351287841797
0.0002779960632324219
0.0002772808074951172
0.0003197193145751953
0.0002846717834472656
0.0003185272216796875
0.00024127960205078125
0.00023984909057617188
0.000324249267578125
0.00039005279541015625
0.000278472900390625
0.00024008750915527344
0.0002777576446533203
0.0002384185791015625
0.0002777576446533203
0.0003161430358886719
0.0002777576446533203
0.0002753734588623047
0.0002760887145996094
0.0003180503845214844
0.0002779960632324219
0.0002772808074951172
0.00025963783264160156
0.0002434253692626953
0.0003204345703125
0.0003192424774169922
0.000278472900390625
0.0003151893615722656
0.0003552436828613281
0.0002410411834716797
0.0002779960632324219
0.0002799034118652344
0.0002434253692626953
0.00031447410583496094
0.00031495094299316406
0.00033593177795410156
0.0003197193145751953
0.0003159046173095703
0.0002779960632324219
0.00027942657470703125
0.00031638145446777344
0.0002770423889160156
0.0002779960632324219
0.000240325927734375
0.00028252601623535156
0.00031566619873046875
0.00027823448181152344
0.00023937225341796875
0.0002772808074951172
0.000244140625
0.000286102294921875
0.00023937225341796875
0.000278472900390625
0.00031256675720214844
0.0002770423889160156
0.0002396106719970703
0.0002753734588623047
0.0002396106719970703
0.00027823448181152344
0.000278472900390625
0.0002391338348388672
0.00028061866760253906
0.0002770423889160156
0.0002753734588623047
0.0003731250762939453
0.0002777576446533203
0.0002837181091308594
0.0002808570861816406
0.000278472900390625
0.0002779960632324219
0.00023984909057617188
0.00031566619873046875
0.00027823448181152344
0.00023889541625976562
0.00031495094299316406
0.0003132820129394531
0.0003161430358886719
0.00027751922607421875
0.0002484321594238281
0.0002760887145996094
0.0003151893615722656
0.0003139972686767578
0.0003147125244140625
0.0002770423889160156
0.00027632713317871094
0.0002396106719970703
0.00024056434631347656
0.0003135204315185547
0.00023818016052246094
0.00027489662170410156
0.0003132820129394531
0.0002779960632324219
0.00032401084899902344
0.0002384185791015625
0.0003147125244140625
0.0002372264862060547
0.00027680397033691406
0.00027871131896972656
0.00023937225341796875
0.0002789497375488281
0.000278472900390625
0.0002777576446533203
0.000278472900390625
0.00031685829162597656
0.0002779960632324219
0.00027751922607421875
0.00027561187744140625
0.00031304359436035156
0.0002474784851074219
0.0003204345703125
0.00020241737365722656
0.0002770423889160156
0.0002384185791015625
0.0002410411834716797
0.00027871131896972656
0.0002770423889160156
0.00031638145446777344
0.00023937225341796875
0.0002777576446533203
0.00024056434631347656
0.0002753734588623047
0.00027751922607421875
0.00029349327087402344
0.0003173351287841797
0.0002410411834716797
0.0003190040588378906
0.0002770423889160156
0.00028014183044433594
0.0002770423889160156
0.00028061866760253906
0.00035572052001953125
0.00035762786865234375
0.00023889541625976562
0.00020051002502441406
0.0003173351287841797
0.0003364086151123047
0.0002799034118652344
0.0003161430358886719
0.00024008750915527344
0.00027823448181152344
0.0002827644348144531
0.00032329559326171875
0.00028252601623535156
0.0002810955047607422
0.00024271011352539062
0.00031566619873046875
0.0002810955047607422
0.00023937225341796875
0.0002815723419189453
0.0002868175506591797
0.00028514862060546875
0.00032329559326171875
0.0003180503845214844
0.00031638145446777344
0.00023937225341796875
0.00023937225341796875
0.00023818016052246094
0.00031876564025878906
0.0003154277801513672
0.0003151893615722656
0.0002384185791015625
0.0003159046173095703
0.0002415180206298828
0.00023937225341796875
0.0002853870391845703
0.00031757354736328125
0.0002779960632324219
0.0002410411834716797
0.00027751922607421875
0.0002789497375488281
0.0003178119659423828
0.000316619873046875
0.0002760887145996094
0.0002384185791015625
0.0002772808074951172
0.0002760887145996094
0.00024080276489257812
0.0003139972686767578
0.0002663135528564453
0.00027942657470703125
0.000278472900390625
0.00031757354736328125
0.0002796649932861328
0.00024080276489257812
0.000278472900390625
0.0002396106719970703
0.00031685829162597656
0.000240325927734375
0.00028133392333984375
0.00031638145446777344
0.0003161430358886719
0.0003173351287841797
0.0002536773681640625
0.0003235340118408203
0.00023984909057617188
0.0002434253692626953
0.00031876564025878906
0.000244140625
0.0002384185791015625
0.00027871131896972656
0.00031685829162597656
0.0002765655517578125
0.0003204345703125
0.00027823448181152344
0.00027823448181152344
0.0003151893615722656
0.00033164024353027344
0.000316619873046875
0.0003132820129394531
0.0003132820129394531
0.00024127960205078125
0.0002777576446533203
0.0002760887145996094
0.000274658203125
0.0003147125244140625
0.0002760887145996094
0.00031375885009765625
0.0002770423889160156
0.0002377033233642578
0.0002760887145996094
0.0003216266632080078
0.00031375885009765625
0.0003142356872558594
0.00031495094299316406
0.00024199485778808594
0.00023984909057617188
0.0002770423889160156
0.00031375885009765625
0.00027751922607421875
0.00024008750915527344
0.00027632713317871094
0.0002770423889160156
0.00031375885009765625
0.0002377033233642578
0.0002598762512207031
0.00028252601623535156
0.0003170967102050781
0.000240325927734375
0.00035262107849121094
0.00024080276489257812
0.0002384185791015625
0.0002818107604980469
0.00031685829162597656
0.0002796649932861328
0.0003161430358886719
0.00024080276489257812
0.00024628639221191406
0.0003154277801513672
0.0003380775451660156
0.0002789497375488281
0.00028014183044433594
0.0003151893615722656
0.0002791881561279297
0.00027751922607421875
0.00027871131896972656
0.0002791881561279297
0.00031685829162597656
0.0002789497375488281
0.0002796649932861328
0.000278472900390625
0.0002410411834716797
0.00020170211791992188
0.00032401084899902344
0.0002422332763671875
0.0003180503845214844
0.00028324127197265625
0.0002772808074951172
0.00031495094299316406
0.000316619873046875
0.0002770423889160156
0.0003178119659423828
0.0003173351287841797
0.0003142356872558594
0.00027632713317871094
0.00031495094299316406
0.00023889541625976562
0.00037407875061035156
0.0003230571746826172
0.00028204917907714844
0.0002779960632324219
0.0003254413604736328
0.0002536773681640625
0.0003256797790527344
0.00028204917907714844
0.00031757354736328125
0.0002799034118652344
0.00032210350036621094
0.0003170967102050781
0.00032401084899902344
0.000278472900390625
0.0002803802490234375
0.00031495094299316406
0.0002799034118652344
0.0002815723419189453
0.00027942657470703125
0.00024056434631347656
0.00024008750915527344
0.00031828880310058594
0.0002760887145996094
0.0003204345703125
0.000278472900390625
0.0003559589385986328
0.00026917457580566406
0.00024318695068359375
0.00031566619873046875
0.0003151893615722656
0.0002765655517578125
0.0002765655517578125
0.00027942657470703125
0.0002777576446533203
0.0003161430358886719
0.000202178955078125
0.00027871131896972656
0.00024008750915527344
0.000316619873046875
0.00027823448181152344
0.00028133392333984375
0.0002486705780029297
0.00032067298889160156
0.00024175643920898438
0.0002799034118652344
0.00024056434631347656
0.00024008750915527344
0.00027632713317871094
0.0002803802490234375
0.0002799034118652344
0.0002391338348388672
0.0003173351287841797
0.00027751922607421875
0.0003514289855957031
0.00027823448181152344
0.00030112266540527344
0.0003185272216796875
0.0002779960632324219
0.0002770423889160156
0.00027823448181152344
0.000316619873046875
0.0003161430358886719
0.00027823448181152344
0.0002429485321044922
0.0002410411834716797
0.0002777576446533203
0.0003540515899658203
0.00031638145446777344
0.0002791881561279297
0.0002853870391845703
0.0003159046173095703
0.0002796649932861328
0.00023746490478515625
0.00023865699768066406
0.00024247169494628906
0.0003151893615722656
0.0002765655517578125
0.0002779960632324219
0.0002777576446533203
0.0002789497375488281
0.0002779960632324219
0.0002391338348388672
0.0003159046173095703
0.0003311634063720703
0.00035572052001953125
0.0003228187561035156
0.0003180503845214844
0.0002803802490234375
0.00027751922607421875
0.000240325927734375
0.00024008750915527344
0.00031447410583496094
0.00023889541625976562
0.0003159046173095703
0.000202178955078125
0.00031828880310058594
0.0003170967102050781
0.0003001689910888672
0.00027942657470703125
0.00027823448181152344
0.0002779960632324219
0.0002410411834716797
0.0002789497375488281
0.0003135204315185547
0.0002770423889160156
0.0002777576446533203
0.00031566619873046875
0.0002772808074951172
0.0003502368927001953
0.00031828880310058594
0.00032329559326171875
0.0003180503845214844
0.0002777576446533203
0.00027680397033691406
0.0003161430358886719
0.00024199485778808594
0.0002765655517578125
0.0002799034118652344
0.0003147125244140625
0.0003533363342285156
0.0002770423889160156
0.0002753734588623047
0.00027632713317871094
0.0002753734588623047
0.00032138824462890625
0.0003190040588378906
0.00028228759765625
0.00031757354736328125
0.00023984909057617188
0.0002779960632324219
0.00024080276489257812
0.00027632713317871094
0.00027632713317871094
0.00031304359436035156
0.00031566619873046875
0.00027871131896972656
0.0002391338348388672
0.00023937225341796875
0.00025916099548339844
0.0002930164337158203
0.00028228759765625
0.0003185272216796875
0.00024390220642089844
0.0003170967102050781
0.0002799034118652344
0.0003161430358886719
0.00024247169494628906
0.0003161430358886719
0.00031757354736328125
0.00027680397033691406
0.0002765655517578125
0.000278472900390625
0.000286102294921875
0.00035452842712402344
0.00027561187744140625
0.00023746490478515625
0.0003147125244140625
0.000278472900390625
0.00027823448181152344
0.0002396106719970703
0.0002758502960205078
0.00027632713317871094
0.00027823448181152344
0.00031685829162597656
0.0002372264862060547
0.00023818016052246094
0.00033020973205566406
0.00028514862060546875
0.0003612041473388672
0.00035858154296875
0.000240325927734375
0.0002770423889160156
0.0003154277801513672
0.00024080276489257812
0.0003151893615722656
0.0002770423889160156
0.0002777576446533203
0.00023818016052246094
0.00031757354736328125
0.0003173351287841797
0.0002486705780029297
0.0002815723419189453
0.00024127960205078125
0.00023984909057617188
0.00031876564025878906
0.0003161430358886719
0.0003173351287841797
0.00027871131896972656
0.0003154277801513672
0.00023865699768066406
0.00027561187744140625
0.0002779960632324219
0.0003151893615722656
0.00027751922607421875
0.00029397010803222656
0.00031638145446777344
0.0002777576446533203
0.0002384185791015625
0.0002765655517578125
0.00031495094299316406
0.0003154277801513672
0.00031495094299316406
0.0003173351287841797
0.00027823448181152344
0.00031948089599609375
0.00027823448181152344
0.0002396106719970703
0.00024175643920898438
0.0002598762512207031
0.00032067298889160156
0.00024390220642089844
0.00024199485778808594
0.0002849102020263672
0.00024127960205078125
0.0003154277801513672
0.0002753734588623047
0.00031375885009765625
0.00023818016052246094
0.00023794174194335938
0.00024127960205078125
0.00031447410583496094
0.0002770423889160156
0.00031375885009765625
0.00032401084899902344
0.00031495094299316406
0.00027561187744140625
0.00023818016052246094
0.00028133392333984375
0.00031566619873046875
0.0003139972686767578
0.0002760887145996094
0.00027561187744140625
0.00027561187744140625
0.0002384185791015625
0.0002760887145996094
0.00027561187744140625
0.0003142356872558594
0.0002872943878173828
0.00031566619873046875
0.0002779960632324219
0.00031447410583496094
0.00027942657470703125
0.0003185272216796875
0.0002753734588623047
0.0003528594970703125
0.0003154277801513672
0.0003154277801513672
0.0003516674041748047
0.0002760887145996094
0.00027680397033691406
0.0002963542938232422
0.000240325927734375
0.0003178119659423828
0.00028061866760253906
0.00027823448181152344
0.0003941059112548828
0.0002827644348144531
0.0002777576446533203
0.0002422332763671875
0.00024127960205078125
0.0002777576446533203
0.0002791881561279297
0.0002460479736328125
0.00031685829162597656
0.00026035308837890625
0.0003192424774169922
0.0002799034118652344
0.0002779960632324219
0.0002799034118652344
0.00027871131896972656
0.0002396106719970703
0.00028228759765625
0.0002791881561279297
0.0002391338348388672
0.0002772808074951172
0.0002415180206298828
0.0002799034118652344
0.000278472900390625
0.00023746490478515625
0.0002617835998535156
0.0002796649932861328
0.0002818107604980469
0.0002396106719970703
0.0002760887145996094
0.0002396106719970703
0.00024127960205078125
0.00023794174194335938
0.00027680397033691406
0.0002810955047607422
0.0003159046173095703
0.0002777576446533203
0.00024080276489257812
0.0002777576446533203
0.0002853870391845703
0.00028395652770996094
0.0002799034118652344
0.0003578662872314453
0.00024175643920898438
0.000316619873046875
0.00024175643920898438
0.0003159046173095703
0.00028061866760253906
0.0003170967102050781
0.0002799034118652344
0.0002777576446533203
0.00024509429931640625
0.0002410411834716797
0.00027680397033691406
0.0002865791320800781
0.0002791881561279297
0.0003559589385986328
0.0002789497375488281
0.00027942657470703125
0.0002429485321044922
0.00024008750915527344
0.00027871131896972656
0.00027942657470703125
0.000240325927734375
0.00024366378784179688
0.00031638145446777344
0.0002384185791015625
0.0003154277801513672
0.0003066062927246094
0.00035572052001953125
0.00027751922607421875
0.00024127960205078125
0.0002772808074951172
0.0002765655517578125
0.00025272369384765625
0.0002837181091308594
0.0002815723419189453
0.0002415180206298828
0.0002760887145996094
0.0002377033233642578
0.0003190040588378906
0.00024437904357910156
0.0003037452697753906
0.00024247169494628906
0.0003161430358886719
0.00024080276489257812
0.0003132820129394531
0.00031113624572753906
0.0003142356872558594
0.0002777576446533203
0.0002760887145996094
0.0003154277801513672
0.00024056434631347656
0.00031495094299316406
0.00023818016052246094
0.00027489662170410156
0.00029397010803222656
0.00035953521728515625
0.00027680397033691406
0.00023818016052246094
0.0002384185791015625
0.000240325927734375
0.0003960132598876953
0.0002903938293457031
0.0002484321594238281
0.00028514862060546875
0.00028061866760253906
0.00024271011352539062
0.0003178119659423828
0.00031638145446777344
0.00033164024353027344
0.0002789497375488281
0.0002808570861816406
0.0002760887145996094
0.00031685829162597656
0.0002770423889160156
0.0002384185791015625
0.0002760887145996094
0.0002758502960205078
0.0002765655517578125
0.00031638145446777344
0.0003159046173095703
0.00027680397033691406
0.00023984909057617188
0.00033664703369140625
0.0002791881561279297
0.00028324127197265625
0.0002779960632324219
0.00027871131896972656
0.0002391338348388672
0.0002384185791015625
0.00027751922607421875
0.0002770423889160156
0.00031256675720214844
0.0002396106719970703
0.00027751922607421875
0.0003139972686767578
0.00023984909057617188
0.0003006458282470703
0.00024271011352539062
0.000316619873046875
0.00031566619873046875
0.0003139972686767578
0.000278472900390625
0.00027751922607421875
0.00031495094299316406
0.00027871131896972656
0.00031828880310058594
0.00023937225341796875
0.00027823448181152344
0.000278472900390625
0.0002789497375488281
0.00028514862060546875
0.00027823448181152344
0.00024056434631347656
0.0002765655517578125
0.00023889541625976562
0.00027942657470703125
0.0002777576446533203
0.0003552436828613281
0.000240325927734375
0.00027871131896972656
0.0003173351287841797
0.0003154277801513672
0.00024008750915527344
0.00028014183044433594
0.00028896331787109375
0.0002808570861816406
0.00024199485778808594
0.0002799034118652344
0.0002772808074951172
0.00027489662170410156
0.00024127960205078125
0.00027871131896972656
0.00028014183044433594
0.00027751922607421875
0.0002770423889160156
0.00027942657470703125
0.0002777576446533203
0.0003132820129394531
0.0002377033233642578
0.0003457069396972656
0.00028061866760253906
0.0002391338348388672
0.0003154277801513672
0.0002779960632324219
0.00024080276489257812
0.00031566619873046875
0.0003142356872558594
0.00027751922607421875
0.0002758502960205078
0.0002770423889160156
0.00027489662170410156
0.00023818016052246094
0.00023984909057617188
0.0003247261047363281
0.000278472900390625
0.00023794174194335938
0.0002770423889160156
0.000274658203125
0.00031566619873046875
0.00031638145446777344
0.00031447410583496094
0.0003135204315185547
0.0002760887145996094
0.0002384185791015625
0.00023937225341796875
0.0003159046173095703
0.0002815723419189453
0.0002942085266113281
0.0002796649932861328
0.00031757354736328125
0.00031280517578125
0.00023651123046875
0.0003132820129394531
0.0002760887145996094
0.0002377033233642578
0.00023937225341796875
0.0002377033233642578
0.00027489662170410156
0.0002753734588623047
0.0003139972686767578
0.0003161430358886719
0.00032258033752441406
0.0002765655517578125
0.00031566619873046875
0.000274658203125
0.00031757354736328125
0.00023698806762695312
0.0003135204315185547
0.0002760887145996094
0.00023865699768066406
0.00027441978454589844
0.00027441978454589844
0.0002753734588623047
0.0003123283386230469
0.00027561187744140625
0.00023794174194335938
0.000301361083984375
0.0003159046173095703
0.0002770423889160156
0.0002777576446533203
0.0002760887145996094
0.00023865699768066406
0.00031447410583496094
0.0003139972686767578
0.0002377033233642578
0.0003154277801513672
0.00023818016052246094
0.0002391338348388672
0.00028061866760253906
0.0002460479736328125
0.0002892017364501953
0.0002808570861816406
0.00031447410583496094
0.00024509429931640625
0.0002779960632324219
0.0002777576446533203
0.0002384185791015625
0.0002779960632324219
0.000278472900390625
0.00027632713317871094
0.0003578662872314453
0.0002765655517578125
0.0002777576446533203
0.0003132820129394531
0.0003204345703125
0.00031638145446777344
0.00023746490478515625
0.00023818016052246094
0.0003139972686767578
0.0002789497375488281
0.0003504753112792969
0.0003120899200439453
0.0002789497375488281
0.00031304359436035156
0.0002777576446533203
0.00031304359436035156
0.00031280517578125
0.0002894401550292969
0.0002808570861816406
0.0002396106719970703
0.0003154277801513672
0.00027561187744140625
0.0003154277801513672
0.00028133392333984375
0.0002760887145996094
0.00031495094299316406
0.00027680397033691406
0.0002396106719970703
0.0002772808074951172
0.0002772808074951172
0.00031638145446777344
0.00028324127197265625
0.00035572052001953125
0.0002777576446533203
0.00023794174194335938
0.0002779960632324219
0.00023794174194335938
0.00031375885009765625
0.00031495094299316406
0.00027751922607421875
0.0003154277801513672
0.00027561187744140625
0.0002760887145996094
0.00028395652770996094
0.0002753734588623047
0.0002903938293457031
0.00028228759765625
0.00031757354736328125
0.0002760887145996094
0.0002758502960205078
0.0002760887145996094
0.000240325927734375
0.00035309791564941406
0.0002772808074951172
0.0003135204315185547
0.0002777576446533203
0.00023889541625976562
0.0002789497375488281
0.0003495216369628906
0.0003230571746826172
0.00024008750915527344
0.00031304359436035156
0.0002791881561279297
0.00023674964904785156
0.0002753734588623047
0.0003142356872558594
0.00023651123046875
0.00031185150146484375
0.00023984909057617188
0.0003123283386230469
0.000274658203125
0.00027680397033691406
0.00031685829162597656
0.0002524852752685547
0.0003199577331542969
0.0002760887145996094
0.00027823448181152344
0.00034999847412109375
0.00023698806762695312
0.0003497600555419922
0.0002384185791015625
0.0002377033233642578
0.0002753734588623047
0.0002765655517578125
0.00024008750915527344
0.0003178119659423828
0.0002772808074951172
0.00023674964904785156
0.00032067298889160156
0.00027561187744140625
0.0002758502960205078
0.0003113746643066406
0.0002753734588623047
0.00028204917907714844
0.0002772808074951172
0.00027489662170410156
0.00023818016052246094
0.00023984909057617188
0.0003571510314941406
0.0002777576446533203
0.0002732276916503906
0.0002751350402832031
0.000247955322265625
0.00027561187744140625
0.00023865699768066406
0.0003159046173095703
0.0003120899200439453
0.0002751350402832031
0.00023889541625976562
0.0003132820129394531
0.00023937225341796875
0.00027441978454589844
0.0002357959747314453
0.00023865699768066406
0.00028061866760253906
0.00027871131896972656
0.00023889541625976562
0.0002562999725341797
0.0003135204315185547
0.00023746490478515625
0.00023674964904785156
0.00034928321838378906
0.00027251243591308594
0.0002741813659667969
0.0002377033233642578
0.00031304359436035156
0.0002779960632324219
0.00024199485778808594
0.0003135204315185547
0.00027370452880859375
0.00031375885009765625
0.0003027915954589844
0.00023865699768066406
0.00031447410583496094
0.0003132820129394531
0.0002758502960205078
0.0002772808074951172
0.0002758502960205078
0.00031304359436035156
0.000278472900390625
0.0003192424774169922
0.0003523826599121094
0.0002758502960205078
0.00031375885009765625
0.0003304481506347656
0.00028228759765625
0.0003161430358886719
0.00024008750915527344
0.0002753734588623047
0.00027632713317871094
0.0002760887145996094
0.00023698806762695312
0.0002772808074951172
0.00027561187744140625
0.00031280517578125
0.00027632713317871094
0.000316619873046875
0.0003151893615722656
0.0002841949462890625
0.0002815723419189453
0.0002765655517578125
0.0003199577331542969
0.0002770423889160156
0.00027751922607421875
0.0003502368927001953
0.00023794174194335938
0.0002760887145996094
0.0002741813659667969
0.0003528594970703125
0.0002753734588623047
0.0002779960632324219
0.00027871131896972656
0.0002849102020263672
0.00031447410583496094
0.0003139972686767578
0.00023794174194335938
0.0002377033233642578
0.0003497600555419922
0.0003139972686767578
0.0003497600555419922
0.00027632713317871094
0.0002753734588623047
0.00027489662170410156
0.00031304359436035156
0.0002396106719970703
0.0002777576446533203
0.00028395652770996094
0.0002796649932861328
0.0002760887145996094
0.0002372264862060547
0.00031185150146484375
0.0003154277801513672
0.0003249645233154297
0.00025200843811035156
0.0003218650817871094
0.00028324127197265625
0.0002815723419189453
0.00024437904357910156
0.00024366378784179688
0.0002799034118652344
0.00025200843811035156
0.00028014183044433594
0.00024127960205078125
0.00028061866760253906
0.0002758502960205078
0.0003509521484375
0.00027823448181152344
0.00023889541625976562
0.00023865699768066406
0.0002789497375488281
0.00031375885009765625
0.000354766845703125
0.0002772808074951172
0.0002765655517578125
0.00032401084899902344
0.0002410411834716797
0.0003135204315185547
0.00024080276489257812
0.00027751922607421875
0.000278472900390625
0.00023937225341796875
0.00031304359436035156
0.0002772808074951172
0.00035262107849121094
0.00027871131896972656
0.0002753734588623047
0.0002372264862060547
0.00027823448181152344
0.00029921531677246094
0.0002837181091308594
0.0002777576446533203
0.00027751922607421875
0.0002765655517578125
0.0002777576446533203
0.00027632713317871094
0.00024008750915527344
0.0003123283386230469
0.00023818016052246094
0.00027751922607421875
0.00031757354736328125
0.0002815723419189453
0.0003204345703125
0.0002589225769042969
0.00028204917907714844
0.0002422332763671875
0.0002779960632324219
0.0002789497375488281
0.0002777576446533203
0.00023865699768066406
0.0002739429473876953
0.0002777576446533203
0.0003132820129394531
0.0002372264862060547
0.00031375885009765625
0.0002391338348388672
0.0002753734588623047
0.00027823448181152344
0.00025725364685058594
0.0002810955047607422
0.0002791881561279297
0.00031375885009765625
0.0002779960632324219
0.0003135204315185547
0.0003147125244140625
0.0002772808074951172
0.00027680397033691406
0.0003139972686767578
0.00031256675720214844
0.0002760887145996094
0.00023865699768066406
0.0003135204315185547
0.00028443336486816406
0.0002377033233642578
0.00027489662170410156
0.00027489662170410156
0.0003135204315185547
0.00027251243591308594
0.0002372264862060547
0.00023794174194335938
0.0002384185791015625
0.0002357959747314453
0.00031757354736328125
0.0002777576446533203
0.0002772808074951172
0.00031447410583496094
0.0002906322479248047
0.0002868175506591797
0.00035262107849121094
0.0002760887145996094
0.00024390220642089844
0.00024008750915527344
0.0002384185791015625
0.00023698806762695312
0.00027441978454589844
0.0003135204315185547
0.0003142356872558594
0.000240325927734375
0.0002777576446533203
0.0002384185791015625
0.00023818016052246094
0.0003647804260253906
0.00031828880310058594
0.0002396106719970703
0.00023818016052246094
0.0002758502960205078
0.0002429485321044922
0.0002384185791015625
0.00027632713317871094
0.0002772808074951172
0.0003142356872558594
0.0002751350402832031
0.00023627281188964844
0.00023674964904785156
0.0002372264862060547
0.00031375885009765625
0.0002818107604980469
0.0002377033233642578
0.00027632713317871094
0.0002758502960205078
0.00035262107849121094
0.00035500526428222656
0.00023698806762695312
0.00023627281188964844
0.00035190582275390625
0.0003161430358886719
0.0002791881561279297
0.0003135204315185547
0.00031304359436035156
0.0003304481506347656
0.00027751922607421875
0.0002765655517578125
0.0003495216369628906
0.00023698806762695312
0.0003113746643066406
0.0002760887145996094
0.0003159046173095703
0.0002751350402832031
0.00031566619873046875
0.0002758502960205078
0.0002751350402832031
0.0003590583801269531
0.0002372264862060547
0.0002455711364746094
0.0002760887145996094
0.00027680397033691406
0.000274658203125
0.00027561187744140625
0.00027632713317871094
0.0003123283386230469
0.0002777576446533203
0.0003147125244140625
0.0002739429473876953
0.00031375885009765625
0.0002391338348388672
0.0002391338348388672
0.0003120899200439453
0.0003407001495361328
0.0003535747528076172
0.00031495094299316406
0.0002765655517578125
0.0002372264862060547
0.0003528594970703125
0.0002391338348388672
0.0003509521484375
0.000316619873046875
0.00031566619873046875
0.00027823448181152344
0.000240325927734375
0.0002765655517578125
0.00032067298889160156
0.00024127960205078125
0.0002751350402832031
0.00027632713317871094
0.00031185150146484375
0.0003135204315185547
0.0002753734588623047
0.00023865699768066406
0.0002391338348388672
0.00031447410583496094
0.00023794174194335938
0.00027632713317871094
0.00023674964904785156
0.00031566619873046875
0.0002765655517578125
0.0003306865692138672
0.0003514289855957031
0.0003142356872558594
0.0002739429473876953
0.00035452842712402344
0.00031685829162597656
0.0002384185791015625
0.00023746490478515625
0.00023865699768066406
0.0003139972686767578
0.0003173351287841797
0.00035119056701660156
0.00023746490478515625
0.0002818107604980469
0.0002777576446533203
0.00027561187744140625
0.000274658203125
0.0002760887145996094
0.00027370452880859375
0.0002734661102294922
0.00027489662170410156
0.0003132820129394531
0.0002741813659667969
0.0002377033233642578
0.00024390220642089844
0.000316619873046875
0.00031638145446777344
0.00027871131896972656
0.0002868175506591797
0.00027489662170410156
0.0003132820129394531
0.00035309791564941406
0.00031113624572753906
0.0003116130828857422
0.0002772808074951172
0.0002384185791015625
0.00023889541625976562
0.0002753734588623047
0.0002772808074951172
0.00027251243591308594
0.00031256675720214844
0.00027680397033691406
0.00031280517578125
0.0003147125244140625
0.0002770423889160156
0.0002753734588623047
0.0003139972686767578
0.00027632713317871094
0.00027632713317871094
0.0003502368927001953
0.0002791881561279297
0.00023865699768066406
0.0003514289855957031
0.00027632713317871094
0.0002772808074951172
0.00028777122497558594
0.00027632713317871094
0.0003178119659423828
0.00027561187744140625
0.00023698806762695312
0.0002765655517578125
0.0003142356872558594
0.00031280517578125
0.00027489662170410156
0.000274658203125
0.00027632713317871094
0.00024199485778808594
0.0002446174621582031
0.0003173351287841797
0.000240325927734375
0.00024628639221191406
0.0003151893615722656
0.0003216266632080078
0.0002391338348388672
0.00031375885009765625
0.0002753734588623047
0.0003135204315185547
0.00027561187744140625
0.0002753734588623047
0.00031375885009765625
0.00023746490478515625
0.00027489662170410156
0.00023889541625976562
0.00023818016052246094
0.00037407875061035156
0.00023889541625976562
0.0002772808074951172
0.0002751350402832031
0.0002753734588623047
0.00027823448181152344
0.0002739429473876953
0.00027561187744140625
0.00031304359436035156
0.0002777576446533203
0.00027441978454589844
0.0002751350402832031
0.000274658203125
0.0002384185791015625
0.0002465248107910156
0.0003147125244140625
0.0002753734588623047
0.0003123283386230469
0.0002758502960205078
0.0002770423889160156
0.00023627281188964844
0.0002772808074951172
0.0002758502960205078
0.0002753734588623047
0.00024199485778808594
0.0003173351287841797
0.00027871131896972656
0.00024008750915527344
0.0002772808074951172
0.00033211708068847656
0.00032019615173339844
0.0002796649932861328
0.00031256675720214844
0.0002741813659667969
0.0002751350402832031
0.0002372264862060547
0.00031185150146484375
0.0003123283386230469
0.00031375885009765625
0.00031256675720214844
0.00023889541625976562
0.0002751350402832031
0.00029277801513671875
0.0003147125244140625
0.00023794174194335938
0.0003147125244140625
0.0002765655517578125
0.0002758502960205078
0.000278472900390625
0.0002741813659667969
0.0003139972686767578
0.00027489662170410156
0.0002758502960205078
0.00031280517578125
0.0003116130828857422
0.00027680397033691406
0.00040459632873535156
0.0002741813659667969
0.00023508071899414062
0.00023674964904785156
0.00027489662170410156
0.00023674964904785156
0.0003123283386230469
0.0002739429473876953
0.00023794174194335938
0.0002791881561279297
0.00024271011352539062
0.0002429485321044922
0.0002777576446533203
0.00027680397033691406
0.0002791881561279297
0.0002837181091308594
0.0002770423889160156
0.00024008750915527344
0.00023627281188964844
0.00031256675720214844
0.00027489662170410156
0.00027370452880859375
0.00028967857360839844
0.00025177001953125
0.00024700164794921875
0.00032019615173339844
0.0003941059112548828
0.0002791881561279297
0.00039005279541015625
0.0003383159637451172
0.00028204917907714844
0.0003199577331542969
0.0002429485321044922
0.0003151893615722656
0.00024318695068359375
0.0002791881561279297
0.0003139972686767578
0.0002777576446533203
0.00027823448181152344
0.000278472900390625
0.00031495094299316406
0.0003123283386230469
0.000308990478515625
0.0002803802490234375
0.00023889541625976562
0.00031280517578125
0.0002391338348388672
0.00023674964904785156
0.0002760887145996094
0.00023865699768066406
0.00027751922607421875
0.00031566619873046875
0.0003600120544433594
0.00024318695068359375
0.00031685829162597656
0.0003159046173095703
0.000324249267578125
0.0002803802490234375
0.0003147125244140625
0.0003192424774169922
0.0002765655517578125
0.00027561187744140625
0.0003504753112792969
0.00027680397033691406
0.00023818016052246094
0.00031566619873046875
0.00027561187744140625
0.0002758502960205078
0.00027632713317871094
0.0003211498260498047
0.00035190582275390625
0.00031375885009765625
0.00031447410583496094
0.00027561187744140625
0.0003173351287841797
0.0002760887145996094
0.00031280517578125
0.0002391338348388672
0.00031447410583496094
0.0002741813659667969
0.00027561187744140625
0.0002372264862060547
0.00023674964904785156
0.00029397010803222656
0.0002770423889160156
0.0003535747528076172
0.00023865699768066406
0.00031375885009765625
0.0002760887145996094
0.00028061866760253906
0.00034880638122558594
0.0002396106719970703
0.0002751350402832031
0.0002808570861816406
0.00031757354736328125
0.0002777576446533203
0.0002753734588623047
0.0003228187561035156
0.0002772808074951172
0.0002758502960205078
0.0002770423889160156
0.0002751350402832031
0.00023627281188964844
0.0002751350402832031
0.00031757354736328125
0.00031566619873046875
0.0002779960632324219
0.0002760887145996094
0.0003139972686767578
0.0003581047058105469
0.00031280517578125
0.0003349781036376953
0.0002779960632324219
0.0002770423889160156
0.0002765655517578125
0.0003142356872558594
0.0003504753112792969
0.00031638145446777344
0.00031566619873046875
0.00023865699768066406
0.00023865699768066406
0.00027561187744140625
0.00023937225341796875
0.00031256675720214844
0.0002837181091308594
0.00031685829162597656
0.0002751350402832031
0.000278472900390625
0.00027561187744140625
0.00031280517578125
0.00027751922607421875
0.00031375885009765625
0.0003139972686767578
0.00027823448181152344
0.00027561187744140625
0.0002751350402832031
0.0003178119659423828
0.0003151893615722656
0.00032329559326171875
0.00023865699768066406
0.00023865699768066406
0.0002396106719970703
0.0002758502960205078
0.0002765655517578125
0.00027751922607421875
0.0003135204315185547
0.0002391338348388672
0.00023889541625976562
0.00031375885009765625
0.0002770423889160156
0.00028014183044433594
0.00023818016052246094
0.0003142356872558594
0.0002663135528564453
0.00027561187744140625
0.0003154277801513672
0.00023746490478515625
0.0002739429473876953
0.0002789497375488281
0.0003154277801513672
0.00027632713317871094
0.0002753734588623047
0.00024080276489257812
0.00031638145446777344
0.0002777576446533203
0.0003132820129394531
0.00027823448181152344
0.0002465248107910156
0.0002753734588623047
0.00031280517578125
0.00023889541625976562
0.0003161430358886719
0.00031280517578125
0.00035309791564941406
0.000278472900390625
0.00031495094299316406
0.0003135204315185547
0.0002760887145996094
0.00031948089599609375
0.00028061866760253906
0.00029540061950683594
0.0003159046173095703
0.0002753734588623047
0.0002753734588623047
0.00027441978454589844
0.00034928321838378906
0.00023698806762695312
0.00023746490478515625
0.0002377033233642578
0.0002760887145996094
0.0003142356872558594
0.00027632713317871094
0.00023651123046875
0.0002758502960205078
0.00027561187744140625
0.00029754638671875
0.00031280517578125
0.0002741813659667969
0.00027489662170410156
0.0002753734588623047
0.00027561187744140625
0.00027632713317871094
0.00027561187744140625
0.000354766845703125
0.0002772808074951172
0.00023818016052246094
0.0002384185791015625
0.00035071372985839844
0.0002751350402832031
0.00029850006103515625
0.0002765655517578125
0.0003154277801513672
0.0002753734588623047
0.0003147125244140625
0.0003142356872558594
0.00035119056701660156
0.0002734661102294922
0.0003120899200439453
0.0003132820129394531
0.0002796649932861328
0.0002758502960205078
0.0002751350402832031
0.0003349781036376953
0.0003151893615722656
0.0002453327178955078
0.0002396106719970703
0.0002777576446533203
0.0002760887145996094
0.00023818016052246094
0.00034999847412109375
0.00027489662170410156
0.0003116130828857422
0.0003154277801513672
0.000274658203125
0.00027489662170410156
0.0002415180206298828
0.00032401084899902344
0.0003132820129394531
0.0002770423889160156
0.0002753734588623047
0.00031256675720214844
0.0002753734588623047
0.00023698806762695312
0.00023555755615234375
0.0003120899200439453
0.00027489662170410156
0.0002377033233642578
0.0003113746643066406
0.00031256675720214844
0.0002751350402832031
0.0002818107604980469
0.0002770423889160156
0.0002396106719970703
0.0002765655517578125
0.0002758502960205078
0.00027751922607421875
0.0002753734588623047
0.0003159046173095703
0.00023937225341796875
0.0002377033233642578
0.00023865699768066406
0.00027632713317871094
0.0002779960632324219
0.00027489662170410156
0.0002377033233642578
0.00033092498779296875
0.00024008750915527344
0.0002770423889160156
0.00027751922607421875
0.00027561187744140625
0.0002741813659667969
0.00035309791564941406
0.0002753734588623047
0.0002741813659667969
0.00031256675720214844
0.00027632713317871094
0.00027441978454589844
0.000274658203125
0.00027298927307128906
0.0002841949462890625
0.0003132820129394531
0.00027489662170410156
0.0002770423889160156
0.00027751922607421875
0.0002751350402832031
0.00034999847412109375
0.0003514289855957031
0.00031375885009765625
0.00027632713317871094
0.00027489662170410156
0.0002751350402832031
0.0002377033233642578
0.00027632713317871094
0.00033402442932128906
0.0002770423889160156
0.00031256675720214844
0.0002739429473876953
0.00023698806762695312
0.0003147125244140625
0.0002758502960205078
0.00027370452880859375
0.00027489662170410156
0.0002751350402832031
0.00027632713317871094
0.00027680397033691406
0.0002391338348388672
0.00020074844360351562
0.00024080276489257812
0.0002586841583251953
0.00023674964904785156
0.0003161430358886719
0.00027632713317871094
0.00027441978454589844
0.000274658203125
0.0003132820129394531
0.0002779960632324219
0.0002751350402832031
0.00023651123046875
0.00027441978454589844
0.0003142356872558594
0.00027632713317871094
0.0002384185791015625
0.0002932548522949219
0.00031685829162597656
0.00023818016052246094
0.00023651123046875
0.0002765655517578125
0.0003116130828857422
0.0002808570861816406
0.00027632713317871094
0.00023698806762695312
0.00031280517578125
0.00023651123046875
0.00027489662170410156
0.00027441978454589844
0.00027441978454589844
0.0003209114074707031
0.0003533363342285156
0.0002753734588623047
0.0002741813659667969
0.0002753734588623047
0.0002732276916503906
0.00027561187744140625
0.00031304359436035156
0.000274658203125
0.00023794174194335938
0.00039386749267578125
0.00027561187744140625
0.00027632713317871094
0.00031256675720214844
0.00033593177795410156
0.0002422332763671875
0.0002765655517578125
0.0003151893615722656
0.00027823448181152344
0.0003142356872558594
0.0003120899200439453
0.00023674964904785156
0.00031185150146484375
0.0002753734588623047
0.00035500526428222656
0.000274658203125
0.00027370452880859375
0.00027370452880859375
0.0002620220184326172
0.0002753734588623047
0.0002751350402832031
0.0003516674041748047
0.0002415180206298828
0.0002372264862060547
0.0002739429473876953
0.00031065940856933594
0.0003120899200439453
0.00027298927307128906
0.0003209114074707031
0.0002865791320800781
0.00032138824462890625
0.0002536773681640625
0.00028014183044433594
0.000278472900390625
0.00027823448181152344
0.0002384185791015625
0.00024008750915527344
0.00027871131896972656
0.00031447410583496094
0.0003173351287841797
0.0002384185791015625
0.00031304359436035156
0.00027823448181152344
0.0002765655517578125
0.000274658203125
0.0003066062927246094
0.0002872943878173828
0.0002765655517578125
0.0002751350402832031
0.0002760887145996094
0.00027561187744140625
0.0002779960632324219
0.0002751350402832031
0.00031638145446777344
0.0003533363342285156
0.0002758502960205078
0.00031566619873046875
0.000286102294921875
0.0003509521484375
0.00024628639221191406
0.0003123283386230469
0.0002777576446533203
0.0002753734588623047
0.0002391338348388672
0.0003142356872558594
0.0003142356872558594
0.00024127960205078125
0.00031447410583496094
0.0002739429473876953
0.00027489662170410156
0.0003123283386230469
0.00023865699768066406
0.00027489662170410156
0.00028252601623535156
0.00027942657470703125
0.00027441978454589844
0.00024080276489257812
0.00027441978454589844
0.0002384185791015625
0.0003139972686767578
0.00027489662170410156
0.0002377033233642578
0.00031495094299316406
0.00027871131896972656
0.0003159046173095703
0.000316619873046875
0.0002772808074951172
0.0002377033233642578
0.00025725364685058594
0.00027489662170410156
0.00020074844360351562
0.00023865699768066406
0.00027561187744140625
0.0003116130828857422
0.0003132820129394531
0.00027871131896972656
0.00031447410583496094
0.00027680397033691406
0.0002760887145996094
0.00023818016052246094
0.00024080276489257812
0.0003123283386230469
0.00028395652770996094
0.0003139972686767578
0.0002791881561279297
0.00027489662170410156
0.0002760887145996094
0.0002796649932861328
0.00024199485778808594
0.00031304359436035156
0.000274658203125
0.0003161430358886719
0.00031566619873046875
0.00023937225341796875
0.0003147125244140625
0.0002779960632324219
0.0003223419189453125
0.00027489662170410156
0.0003116130828857422
0.00027632713317871094
0.00027751922607421875
0.000274658203125
0.00031256675720214844
0.00031447410583496094
0.0002765655517578125
0.0003523826599121094
0.0002770423889160156
0.0002808570861816406
0.000278472900390625
0.0003674030303955078
0.0003581047058105469
0.0002765655517578125
0.00023746490478515625
0.0003120899200439453
0.00031113624572753906
0.0003120899200439453
0.00027632713317871094
0.0002751350402832031
0.00031495094299316406
0.000316619873046875
0.0002758502960205078
0.0002751350402832031
0.00027441978454589844
0.00029087066650390625
0.000274658203125
0.00027441978454589844
0.0002760887145996094
0.0002741813659667969
0.0002372264862060547
0.00023651123046875
0.00027632713317871094
0.00023698806762695312
0.00027561187744140625
0.000278472900390625
0.0002751350402832031
0.0002741813659667969
0.0002739429473876953
0.00031256675720214844
0.0003361701965332031
0.0002391338348388672
0.00027751922607421875
0.0003123283386230469
0.00023746490478515625
0.0002422332763671875
0.0003142356872558594
0.0002751350402832031
0.0003113746643066406
0.00023984909057617188
0.00027680397033691406
0.0002808570861816406
0.0003502368927001953
0.0002372264862060547
0.00025844573974609375
0.0003151893615722656
0.00031638145446777344
0.00035262107849121094
0.0002760887145996094
0.0003120899200439453
0.0002396106719970703
0.00027680397033691406
0.00023818016052246094
0.0002739429473876953
0.00038909912109375
0.0002753734588623047
0.00027680397033691406
0.0002353191375732422
0.00024890899658203125
0.00023865699768066406
0.000274658203125
0.000274658203125
0.00038623809814453125
0.0002779960632324219
0.0002753734588623047
0.0003154277801513672
0.0002765655517578125
0.0002753734588623047
0.00027489662170410156
0.00031256675720214844
0.00023794174194335938
0.0002770423889160156
0.0002460479736328125
0.0003113746643066406
0.00023746490478515625
0.0002377033233642578
0.0003135204315185547
0.00031685829162597656
0.00023746490478515625
0.0003173351287841797
0.000278472900390625
0.00027680397033691406
0.0003185272216796875
0.0002765655517578125
0.00027561187744140625
0.0002760887145996094
0.00029468536376953125
0.0002770423889160156
0.0002803802490234375
0.00024271011352539062
0.0002739429473876953
0.0002372264862060547
0.0002760887145996094
0.0002751350402832031
0.0003516674041748047
0.00027441978454589844
0.0002779960632324219
0.0002765655517578125
0.0003142356872558594
0.00027370452880859375
0.00028252601623535156
0.00027871131896972656
0.0002779960632324219
0.0002770423889160156
0.0002772808074951172
0.0003154277801513672
0.0002796649932861328
0.0002765655517578125
0.00031685829162597656
0.00031566619873046875
0.0002770423889160156
0.0002753734588623047
0.0003504753112792969
0.0002772808074951172
0.00024771690368652344
0.00023984909057617188
0.0003135204315185547
0.00027632713317871094
0.0003180503845214844
0.0002770423889160156
0.0003528594970703125
0.00023794174194335938
0.00034999847412109375
0.00035309791564941406
0.00031948089599609375
0.00023865699768066406
0.0002396106719970703
0.0003161430358886719
0.0002942085266113281
0.00023937225341796875
0.000240325927734375
0.0002758502960205078
0.0003123283386230469
0.00023889541625976562
0.0002751350402832031
0.00027561187744140625
0.00024080276489257812
0.0003132820129394531
0.0003142356872558594
0.0002751350402832031
0.0003514289855957031
0.0002415180206298828
0.0002841949462890625
0.0003151893615722656
0.0002758502960205078
0.0002377033233642578
0.0002772808074951172
0.0002753734588623047
0.0002765655517578125
0.00031375885009765625
0.000274658203125
0.00027489662170410156
0.00031065940856933594
0.00023627281188964844
0.00034880638122558594
0.00027489662170410156
0.00025773048400878906
0.0002779960632324219
0.00023698806762695312
0.00031256675720214844
0.0002741813659667969
0.00031113624572753906
0.0002739429473876953
0.0002751350402832031
0.00031375885009765625
0.00027632713317871094
0.0002818107604980469
0.00027680397033691406
0.00031375885009765625
0.0002753734588623047
0.0002453327178955078
0.0002815723419189453
0.00031566619873046875
0.00035381317138671875
0.00028443336486816406
0.0002796649932861328
0.00023889541625976562
0.0002753734588623047
0.00023794174194335938
0.0002741813659667969
0.0002760887145996094
0.0002765655517578125
0.0002765655517578125
0.00027561187744140625
0.00035762786865234375
0.00023889541625976562
0.0002760887145996094
0.00031280517578125
0.0002372264862060547
0.0003173351287841797
0.00031447410583496094
0.00035071372985839844
0.0003516674041748047
0.0003123283386230469
0.0002741813659667969
0.0002741813659667969
0.00027489662170410156
0.0002739429473876953
0.0002930164337158203
0.000278472900390625
0.00023818016052246094
0.000274658203125
0.00031375885009765625
0.00027680397033691406
0.00027942657470703125
0.00027298927307128906
0.0003151893615722656
0.0002760887145996094
0.0002796649932861328
0.00027751922607421875
0.00027680397033691406
0.00023865699768066406
0.00033354759216308594
0.0002777576446533203
0.0002758502960205078
0.0002760887145996094
0.00027441978454589844
0.00023865699768066406
0.00031566619873046875
0.0002758502960205078
0.0002803802490234375
0.00031685829162597656
0.0003161430358886719
0.0002770423889160156
0.0003209114074707031
0.0003147125244140625
0.0002932548522949219
0.00027680397033691406
0.0003192424774169922
0.00023818016052246094
0.0003142356872558594
0.00031280517578125
0.00031495094299316406
0.0002765655517578125
0.00031566619873046875
0.0002391338348388672
0.0002753734588623047
0.00027561187744140625
0.0002779960632324219
0.00027441978454589844
0.0003230571746826172
0.0002772808074951172
0.00031280517578125
0.00023984909057617188
0.00027489662170410156
0.0003151893615722656
0.0002751350402832031
0.0002753734588623047
0.0003151893615722656
0.0002772808074951172
0.0002777576446533203
0.0002875328063964844
0.00032782554626464844
0.00029277801513671875
0.0002455711364746094
0.00028061866760253906
0.0002422332763671875
0.0002396106719970703
0.0002779960632324219
0.0002760887145996094
0.0002777576446533203
0.0002777576446533203
0.00027632713317871094
0.00031495094299316406
0.0003173351287841797
0.0003185272216796875
0.00023984909057617188
0.0002894401550292969
0.00024580955505371094
0.0003151893615722656
0.00031638145446777344
0.00031685829162597656
0.00027823448181152344
0.00032019615173339844
0.0002765655517578125
0.0003135204315185547
0.00028014183044433594
0.0003180503845214844
0.0002799034118652344
0.0002391338348388672
0.00031447410583496094
0.00032258033752441406
0.0002770423889160156
0.0002760887145996094
0.00027489662170410156
0.00023865699768066406
0.00027370452880859375
0.00023889541625976562
0.000316619873046875
