0.06646347045898438
0.011505365371704102
0.010856389999389648
0.031789541244506836
0.034436702728271484
0.030144929885864258
0.010174751281738281
0.011277437210083008
0.011289834976196289
0.010974884033203125
0.011297225952148438
0.01024317741394043
0.010868549346923828
0.03557252883911133
0.010273218154907227
0.01022791862487793
0.03422689437866211
0.0114898681640625
0.009677886962890625
0.011239767074584961
0.036434173583984375
0.0297238826751709
0.010350942611694336
0.008984565734863281
0.010917901992797852
0.010833263397216797
0.011380672454833984
0.03314542770385742
0.03663492202758789
0.011118888854980469
0.011629104614257812
0.010802984237670898
0.011345386505126953
0.011319637298583984
0.011156320571899414
0.011027097702026367
0.01121068000793457
0.010921478271484375
0.02799081802368164
0.010799884796142578
0.010869741439819336
0.03196597099304199
0.010607719421386719
0.010194540023803711
0.029522418975830078
0.010343074798583984
0.010996818542480469
0.010890483856201172
0.011328697204589844
0.007482051849365234
0.011327981948852539
0.010613203048706055
0.010159969329833984
0.010961294174194336
0.02763843536376953
0.010207653045654297
0.011114358901977539
0.010807991027832031
0.010817766189575195
0.010183572769165039
0.009737730026245117
0.010265588760375977
0.01072835922241211
0.010185956954956055
0.010190725326538086
0.030455350875854492
0.027169466018676758
0.010803937911987305
0.011310100555419922
0.010973930358886719
0.01023554801940918
0.010938882827758789
0.011263132095336914
0.0109100341796875
0.010951519012451172
0.036407470703125
0.01150369644165039
0.011049747467041016
0.010670185089111328
0.010936975479125977
0.010642528533935547
0.010847330093383789
0.010833024978637695
0.011420726776123047
0.010266542434692383
0.011319875717163086
0.030706405639648438
0.010910272598266602
0.010904788970947266
0.010963678359985352
0.03496599197387695
0.011392593383789062
0.010898351669311523
0.010921239852905273
0.010126590728759766
0.01092386245727539
0.01039433479309082
0.03460121154785156
0.008911371231079102
0.009646415710449219
0.010266542434692383
0.011354446411132812
0.010300397872924805
0.010925769805908203
0.010281801223754883
0.00885009765625
0.011533021926879883
0.009488582611083984
0.010665178298950195
0.00961923599243164
0.010621786117553711
0.010271310806274414
0.029190778732299805
0.027410268783569336
0.01094365119934082
0.030029773712158203
0.010997772216796875
0.011384248733520508
0.011244773864746094
0.011083602905273438
0.00953054428100586
0.01024937629699707
0.025577306747436523
0.030037641525268555
0.027730226516723633
0.031221389770507812
0.01132345199584961
0.02964329719543457
0.027375459671020508
0.010180950164794922
0.028314590454101562
0.030444622039794922
0.010812997817993164
0.028537273406982422
0.02822279930114746
0.01024627685546875
0.012137174606323242
0.010867118835449219
0.03782820701599121
0.01139211654663086
0.009529829025268555
0.03188633918762207
0.03756880760192871
0.02944040298461914
0.010862588882446289
0.010848760604858398
0.010934114456176758
0.01094198226928711
0.011370658874511719
0.010176897048950195
0.010832786560058594
0.010255813598632812
0.011420726776123047
0.03812742233276367
0.03236198425292969
0.011112451553344727
0.011329174041748047
0.011380910873413086
0.031102657318115234
0.010335206985473633
0.028963565826416016
0.028423070907592773
0.027678728103637695
0.02607107162475586
0.010279655456542969
0.011346101760864258
0.010894060134887695
0.03416872024536133
0.011170148849487305
0.03271746635437012
0.011413812637329102
0.011254072189331055
0.011384725570678711
0.010289430618286133
0.030351877212524414
0.010793447494506836
0.010779142379760742
0.04921221733093262
0.011312723159790039
0.011361837387084961
0.029758453369140625
0.009974241256713867
0.01157832145690918
0.011219501495361328
0.011075019836425781
0.011565446853637695
0.029901981353759766
0.011425495147705078
0.011288881301879883
0.02786111831665039
0.011011123657226562
0.011530876159667969
0.010886669158935547
0.009497642517089844
0.02971172332763672
0.011441469192504883
0.010947942733764648
0.011246919631958008
0.010454416275024414
0.010141372680664062
0.029654502868652344
0.027227401733398438
0.02852010726928711
0.010233402252197266
0.03197431564331055
0.029146909713745117
0.01034998893737793
0.01092529296875
0.010363340377807617
0.036679744720458984
0.010833740234375
0.03221273422241211
0.010242700576782227
0.011332035064697266
0.011321544647216797
0.011358261108398438
0.01086568832397461
0.011374235153198242
0.01018524169921875
0.011277198791503906
0.010182619094848633
0.009692192077636719
0.010892152786254883
0.010216712951660156
0.010239362716674805
0.008894205093383789
0.009530305862426758
0.010210752487182617
0.010228633880615234
0.01032114028930664
0.011287212371826172
0.029205322265625
0.011502504348754883
0.026289939880371094
0.00954890251159668
0.010991334915161133
0.02942037582397461
0.028565406799316406
0.011418581008911133
0.010752201080322266
0.009760856628417969
0.010169506072998047
0.011232852935791016
0.011318683624267578
0.01071310043334961
0.011240005493164062
0.03620648384094238
0.011533498764038086
0.010825395584106445
0.01056218147277832
0.027576923370361328
0.01157236099243164
0.01083827018737793
0.029100656509399414
0.02678084373474121
0.011126995086669922
0.030239105224609375
0.028034210205078125
0.010077476501464844
0.02918529510498047
0.010826587677001953
0.029082298278808594
0.010851383209228516
0.011321067810058594
0.03747844696044922
0.01110386848449707
0.010782003402709961
0.01146078109741211
0.011228799819946289
0.011307239532470703
0.02893686294555664
0.0279541015625
0.028014421463012695
0.40448689460754395
0.026827335357666016
0.010255813598632812
0.010687828063964844
0.02822136878967285
0.03350019454956055
0.011197566986083984
0.010911941528320312
0.009602785110473633
0.029788732528686523
0.010275602340698242
0.010912895202636719
0.031294822692871094
0.026796340942382812
0.009582281112670898
0.03302288055419922
0.011306524276733398
0.03810429573059082
0.011121273040771484
0.02911067008972168
0.010846138000488281
0.011258602142333984
0.011338233947753906
0.0311586856842041
0.010211706161499023
0.010489225387573242
0.03021860122680664
0.03636956214904785
0.011315107345581055
0.011220216751098633
0.010849475860595703
0.0113983154296875
0.010261774063110352
0.03380084037780762
0.008992195129394531
0.010828018188476562
0.011353015899658203
0.010826587677001953
0.011316061019897461
0.03572845458984375
0.010900735855102539
0.011020421981811523
0.027810096740722656
0.03159523010253906
0.011536121368408203
0.011346101760864258
0.033663034439086914
0.036512136459350586
0.01029062271118164
0.008865118026733398
0.0108489990234375
0.008916616439819336
0.03486967086791992
0.009653329849243164
0.011347532272338867
0.009578227996826172
0.035427093505859375
0.03240251541137695
0.010858297348022461
0.011321783065795898
0.010520696640014648
0.0410153865814209
0.03765869140625
0.011548519134521484
0.010190963745117188
0.0297091007232666
0.030713796615600586
0.010832071304321289
0.01139688491821289
0.03408408164978027
0.008905410766601562
0.030463695526123047
0.009667396545410156
0.010809183120727539
0.010582208633422852
0.011242389678955078
0.011387348175048828
0.01026463508605957
0.011368513107299805
0.010698795318603516
0.011541128158569336
0.02702808380126953
0.01092982292175293
0.029534578323364258
0.0273587703704834
0.009605884552001953
0.010279655456542969
0.011330842971801758
0.011250019073486328
0.01031041145324707
0.009577751159667969
0.03200078010559082
0.02946949005126953
0.010838747024536133
0.010869741439819336
0.010341882705688477
0.010280132293701172
0.011359930038452148
0.011372089385986328
0.01139974594116211
0.011233806610107422
0.011388063430786133
0.01146078109741211
0.010879278182983398
0.011106729507446289
0.010884284973144531
0.010601997375488281
0.03011941909790039
0.008945226669311523
0.03430771827697754
0.011472463607788086
0.01118326187133789
0.011487483978271484
0.010792970657348633
0.031946659088134766
0.010978460311889648
0.008562088012695312
0.010442972183227539
0.011432170867919922
0.030450820922851562
0.028235197067260742
0.011107444763183594
0.00979471206665039
0.011519908905029297
0.02575063705444336
0.010921716690063477
0.030303478240966797
0.010962963104248047
0.011271953582763672
0.009549379348754883
0.011568069458007812
0.011248350143432617
0.011582136154174805
0.011393547058105469
0.010866880416870117
0.011265754699707031
0.011513710021972656
0.011302947998046875
0.011559009552001953
0.010211706161499023
0.028684616088867188
0.034822940826416016
0.011487483978271484
0.0290377140045166
0.027947425842285156
0.010871648788452148
0.033325910568237305
0.011376142501831055
0.011387348175048828
0.03416037559509277
0.011048316955566406
0.01022028923034668
0.010874271392822266
0.030148983001708984
0.027051210403442383
0.011521339416503906
0.011307716369628906
0.010982751846313477
0.010187864303588867
0.010223150253295898
0.010697126388549805
0.0093994140625
0.011527538299560547
0.031141281127929688
0.011338472366333008
0.010388612747192383
0.011562108993530273
0.011301994323730469
0.011049985885620117
0.027770042419433594
0.010312080383300781
0.030277490615844727
0.026033878326416016
0.011316061019897461
0.010972023010253906
0.03139042854309082
0.010944604873657227
0.011214494705200195
0.02730393409729004
0.008937597274780273
0.010271310806274414
0.03135490417480469
0.02596735954284668
0.010835647583007812
0.010699033737182617
0.03504753112792969
0.010396718978881836
0.01003718376159668
0.010836124420166016
0.03687858581542969
0.02850484848022461
0.011439800262451172
0.01091623306274414
0.029394865036010742
0.028311967849731445
0.01134181022644043
0.010725259780883789
0.0292203426361084
0.010675907135009766
0.011166572570800781
0.029801368713378906
0.011221885681152344
0.010825395584106445
0.011203289031982422
0.01029825210571289
0.01091146469116211
0.010919332504272461
0.011293888092041016
0.010927915573120117
0.010604381561279297
0.009055852890014648
0.036850690841674805
0.029064655303955078
0.01091146469116211
0.010321617126464844
0.011227607727050781
0.010686159133911133
0.010662555694580078
0.01082468032836914
0.038533926010131836
0.01092076301574707
0.03664064407348633
0.010909080505371094
0.010630130767822266
0.010466337203979492
0.03477811813354492
0.009620428085327148
0.011367082595825195
0.010869264602661133
0.01134181022644043
0.011334896087646484
0.010857582092285156
0.01085519790649414
0.011559486389160156
0.029449939727783203
0.026666879653930664
0.02910137176513672
0.010217905044555664
0.029123306274414062
0.028494834899902344
0.028650283813476562
0.03051161766052246
0.011305093765258789
0.010916471481323242
0.010542869567871094
0.01092219352722168
0.029007434844970703
0.0335543155670166
0.03645896911621094
0.030725717544555664
0.02586507797241211
0.010942459106445312
0.031018733978271484
0.026860713958740234
0.010924577713012695
0.029522180557250977
0.010022163391113281
0.009664297103881836
0.01023101806640625
0.03731703758239746
0.03444194793701172
0.03078484535217285
0.010001897811889648
0.011704683303833008
0.010481595993041992
0.011344194412231445
0.03297543525695801
0.010041236877441406
0.010853767395019531
0.011595487594604492
0.030583620071411133
0.026813030242919922
0.011312246322631836
0.029324769973754883
0.010923385620117188
0.029085397720336914
0.010974407196044922
0.01137542724609375
0.01153874397277832
0.010599374771118164
0.027406930923461914
0.03773641586303711
0.03199028968811035
0.011349201202392578
0.006845951080322266
0.010442972183227539
0.0106353759765625
0.011398077011108398
0.00955510139465332
0.008920907974243164
0.011416435241699219
0.011463165283203125
0.010983943939208984
0.02971196174621582
0.010262012481689453
0.010915994644165039
0.02789902687072754
0.010971546173095703
0.011671304702758789
0.010847091674804688
0.0307619571685791
0.011250495910644531
0.010145425796508789
0.03768324851989746
0.011435985565185547
0.010931253433227539
0.01105189323425293
0.011378288269042969
0.027566194534301758
0.010928869247436523
0.029561281204223633
0.010254621505737305
0.010950565338134766
0.030282974243164062
0.010575532913208008
0.010941743850708008
0.01070857048034668
0.01092386245727539
0.010751962661743164
0.010935306549072266
0.011367082595825195
0.027449369430541992
0.028723478317260742
0.02770090103149414
0.00957942008972168
0.029291391372680664
0.010859966278076172
0.01141977310180664
0.042078495025634766
0.03054952621459961
0.0109100341796875
0.011269569396972656
0.032120704650878906
0.027348995208740234
0.010645151138305664
0.0373382568359375
0.033911943435668945
0.011444330215454102
0.033187150955200195
0.00953221321105957
0.010863304138183594
0.011357307434082031
0.01146697998046875
0.034395694732666016
0.010967493057250977
0.011104822158813477
0.010252237319946289
0.02766871452331543
0.010840654373168945
0.010182857513427734
0.030792713165283203
0.0113525390625
0.028578996658325195
0.010585308074951172
0.010293006896972656
0.010763168334960938
0.010512590408325195
0.027219295501708984
0.011086702346801758
0.010853052139282227
0.011539459228515625
0.029210567474365234
0.027125835418701172
0.028064727783203125
0.02794504165649414
0.011429071426391602
0.029052734375
0.02789306640625
0.030592679977416992
0.01034092903137207
0.010863304138183594
0.027099132537841797
0.010889530181884766
0.03009772300720215
0.026796340942382812
0.010955333709716797
0.011494636535644531
0.010228872299194336
0.010270357131958008
0.027095317840576172
0.010339975357055664
0.011014461517333984
0.011437416076660156
0.010038375854492188
0.011453390121459961
0.010724782943725586
0.010556221008300781
0.030913114547729492
0.009900093078613281
0.010190486907958984
0.011534929275512695
0.009720563888549805
0.011269807815551758
0.011194944381713867
0.026642322540283203
0.011304616928100586
0.029224872589111328
0.02905130386352539
0.026972293853759766
0.01083064079284668
0.029835224151611328
0.010983705520629883
0.011485815048217773
0.010748147964477539
0.010848045349121094
0.011399269104003906
0.010782480239868164
0.010796785354614258
0.01024317741394043
0.011205673217773438
0.03681015968322754
0.010976552963256836
0.010748624801635742
0.00891256332397461
0.009536504745483398
0.03578305244445801
0.011430025100708008
0.010268211364746094
0.010945558547973633
0.011493444442749023
0.010803937911987305
0.010220050811767578
0.03406882286071777
0.010345697402954102
0.010869503021240234
0.03426337242126465
0.011325836181640625
0.010214567184448242
0.01109004020690918
0.028395891189575195
0.029021501541137695
0.008934259414672852
0.0386500358581543
0.031836509704589844
0.010963678359985352
0.031703948974609375
0.010299921035766602
0.010164737701416016
0.010202646255493164
0.030274629592895508
0.01149296760559082
0.010744333267211914
0.009870290756225586
0.033205509185791016
0.011522769927978516
0.03138327598571777
0.010929346084594727
0.011280059814453125
0.011284351348876953
0.010159730911254883
0.030684709548950195
0.010790109634399414
0.010244607925415039
0.008910655975341797
0.02497100830078125
0.010682821273803711
0.011757612228393555
0.011199712753295898
0.008948564529418945
0.011123180389404297
0.03167152404785156
0.01109766960144043
0.029871225357055664
0.01120901107788086
0.027736902236938477
0.028599023818969727
0.01147007942199707
0.011300802230834961
0.010243892669677734
0.031187057495117188
0.010894775390625
0.010914802551269531
0.011380434036254883
0.010897159576416016
0.010975122451782227
0.011397600173950195
0.011349201202392578
0.02899789810180664
0.010211944580078125
0.010291099548339844
0.011236906051635742
0.01085519790649414
0.011533260345458984
0.01027059555053711
0.010169506072998047
0.03755354881286621
0.035283565521240234
0.011322975158691406
0.03668212890625
0.010908842086791992
0.010354757308959961
0.01065206527709961
0.011326074600219727
0.011433124542236328
0.01127934455871582
0.011111259460449219
0.0075571537017822266
0.028330326080322266
0.010921716690063477
0.011507749557495117
0.01090240478515625
0.03306722640991211
0.011534690856933594
0.030283212661743164
0.011064529418945312
0.0283963680267334
0.011699199676513672
0.01080775260925293
0.028839111328125
0.011334657669067383
0.011370420455932617
0.011368989944458008
0.01109933853149414
0.011344194412231445
0.011307001113891602
0.011406898498535156
0.011067390441894531
0.030134916305541992
0.011277914047241211
0.010048627853393555
0.011363506317138672
0.010257244110107422
0.010536432266235352
0.011350154876708984
0.010226726531982422
0.03347301483154297
0.03201007843017578
0.010370731353759766
0.010234594345092773
0.011542797088623047
0.01094961166381836
0.010873794555664062
0.010756254196166992
0.010577917098999023
0.011560440063476562
0.010088920593261719
0.01147770881652832
0.008875370025634766
0.010896444320678711
0.010221004486083984
0.010745763778686523
0.011335372924804688
0.01128840446472168
0.03236055374145508
0.03717207908630371
0.01167607307434082
0.01068568229675293
0.03353071212768555
0.011474609375
0.030132532119750977
0.0359807014465332
0.011273384094238281
0.03621816635131836
0.010895252227783203
0.02976250648498535
0.010251045227050781
0.010335445404052734
0.02568674087524414
0.029078245162963867
0.027671098709106445
0.010910272598266602
0.010778665542602539
0.010277271270751953
0.010610818862915039
0.011263370513916016
0.030579090118408203
0.011322021484375
0.011372566223144531
0.011097908020019531
0.011320829391479492
0.011431694030761719
0.011346101760864258
0.03455853462219238
0.010976791381835938
0.011198759078979492
0.03301405906677246
0.03789997100830078
0.010293245315551758
0.011326074600219727
0.010188817977905273
0.028554677963256836
0.010591268539428711
0.010953187942504883
0.030548810958862305
0.02625870704650879
0.01030588150024414
0.02969527244567871
0.010999679565429688
0.010663986206054688
0.01022791862487793
0.01025080680847168
0.011212348937988281
0.011492729187011719
0.028160810470581055
0.02792978286743164
0.010652780532836914
0.011231422424316406
0.011280536651611328
0.010859012603759766
0.011299848556518555
0.010899543762207031
0.011429071426391602
0.035335540771484375
0.010888099670410156
0.011149168014526367
0.011242151260375977
0.030003786087036133
0.03439784049987793
0.035726070404052734
0.034397125244140625
0.011486053466796875
0.01127934455871582
0.0101470947265625
0.010263442993164062
0.011250495910644531
0.010566234588623047
0.030400991439819336
0.02749323844909668
0.011335372924804688
0.028441190719604492
0.028001785278320312
0.02798938751220703
0.0273134708404541
0.01155710220336914
0.010284900665283203
0.01142263412475586
0.010306835174560547
0.01044321060180664
0.011268377304077148
0.011246681213378906
0.010384798049926758
0.010882139205932617
0.038643836975097656
0.010902881622314453
0.010262012481689453
0.01055765151977539
0.010994911193847656
0.03455400466918945
0.01152801513671875
0.01144266128540039
0.010513067245483398
0.010844230651855469
0.011549711227416992
0.00946950912475586
0.011343955993652344
0.010945558547973633
0.010909080505371094
0.010894536972045898
0.011457443237304688
0.01023411750793457
0.026584863662719727
0.010223865509033203
0.010241508483886719
0.011575698852539062
0.010204315185546875
0.030769824981689453
0.010233402252197266
0.028680801391601562
0.010832786560058594
0.011385202407836914
0.011363744735717773
0.011121749877929688
0.0360109806060791
0.034860849380493164
0.028260469436645508
0.027851104736328125
0.010699272155761719
0.01093149185180664
0.01015782356262207
0.010272741317749023
0.010761260986328125
0.011017322540283203
0.011286497116088867
0.01087331771850586
0.01146841049194336
0.010272026062011719
0.028568267822265625
0.011571645736694336
0.008793115615844727
0.010702848434448242
0.02935957908630371
0.01074528694152832
0.009807348251342773
0.01093435287475586
0.010746479034423828
0.008963823318481445
0.03358626365661621
0.011311769485473633
0.011330366134643555
0.027396440505981445
0.02860426902770996
0.010687112808227539
0.011398553848266602
0.01155233383178711
0.03614044189453125
0.010065078735351562
0.03223443031311035
0.028118371963500977
0.01090097427368164
0.010815620422363281
0.010949373245239258
0.010562658309936523
0.010910511016845703
0.011269807815551758
0.0107269287109375
0.0117340087890625
0.02759718894958496
0.011303424835205078
0.010650157928466797
0.008838653564453125
0.010209083557128906
0.0301668643951416
0.011442422866821289
0.010488033294677734
0.01000666618347168
0.035730838775634766
0.011465072631835938
0.010922908782958984
0.03817033767700195
0.011370658874511719
0.0113677978515625
0.010884284973144531
0.010662555694580078
0.011319875717163086
0.010680198669433594
0.010293960571289062
0.011443376541137695
0.011411190032958984
0.009502887725830078
0.03346872329711914
0.03493523597717285
0.031129121780395508
0.02785181999206543
0.02754521369934082
0.01140594482421875
0.02860426902770996
0.010931730270385742
0.01082921028137207
0.029610872268676758
0.010704517364501953
0.010925531387329102
0.010764360427856445
0.03197336196899414
0.035805463790893555
0.011220455169677734
0.010733366012573242
0.011595726013183594
0.029900550842285156
0.009560823440551758
0.03190279006958008
0.036643266677856445
0.03333878517150879
0.033144235610961914
0.01137232780456543
0.032448768615722656
0.011313199996948242
0.0333709716796875
0.011058568954467773
0.011340618133544922
0.032649993896484375
0.009625673294067383
0.01027822494506836
0.010934591293334961
0.011202573776245117
0.03684377670288086
0.010820865631103516
0.0296781063079834
0.009588956832885742
0.03208661079406738
0.010943889617919922
0.011167049407958984
0.010233163833618164
0.033142805099487305
0.029708147048950195
0.010921478271484375
0.029023170471191406
0.010652542114257812
0.01021885871887207
0.01096963882446289
0.011644601821899414
0.02806401252746582
0.01084280014038086
0.011225700378417969
0.010299444198608398
0.03276801109313965
0.011678457260131836
0.03767871856689453
0.031851768493652344
0.010947227478027344
0.011402606964111328
0.011075258255004883
0.027886629104614258
0.026651859283447266
0.010841131210327148
0.011689901351928711
0.010905742645263672
0.010679244995117188
0.01157999038696289
0.011607885360717773
0.010940074920654297
0.011484146118164062
0.011341333389282227
0.010223627090454102
0.010189533233642578
0.029764890670776367
0.009738445281982422
0.01118159294128418
0.010153532028198242
0.010850191116333008
0.02825450897216797
0.01158452033996582
0.01129293441772461
0.011357307434082031
0.01092982292175293
0.010231971740722656
0.01017618179321289
0.010738372802734375
0.03358101844787598
0.010366201400756836
0.010152101516723633
0.010137557983398438
0.011577606201171875
0.03238987922668457
0.03846621513366699
0.0341799259185791
0.010139703750610352
0.011280298233032227
0.010820388793945312
0.010210037231445312
0.009536027908325195
0.03752017021179199
0.010260581970214844
0.011394500732421875
0.011451005935668945
0.011556386947631836
0.01060938835144043
0.011269092559814453
0.010619878768920898
0.030278921127319336
0.010363578796386719
0.010871648788452148
0.03286600112915039
0.037728071212768555
0.011623620986938477
0.033354997634887695
0.01139068603515625
0.010962247848510742
0.029464006423950195
0.010882854461669922
0.011467218399047852
0.010929107666015625
0.009009838104248047
0.010628938674926758
0.011352062225341797
0.05022263526916504
0.037239789962768555
0.008939027786254883
0.009507179260253906
0.03709697723388672
0.011021852493286133
0.010282039642333984
0.011555194854736328
0.010661125183105469
0.010721683502197266
0.010754108428955078
0.010713338851928711
0.010886430740356445
0.00826406478881836
0.011119365692138672
0.0365450382232666
0.01090240478515625
0.029880285263061523
0.011251449584960938
0.01129150390625
0.01086568832397461
0.011236906051635742
0.027949094772338867
0.02783656120300293
0.011264562606811523
0.010265350341796875
0.01140594482421875
0.010043859481811523
0.011397123336791992
0.03720736503601074
0.011319398880004883
0.01076507568359375
0.011432170867919922
0.011404037475585938
0.011549711227416992
0.011215448379516602
0.01122140884399414
0.010860443115234375
0.03705549240112305
0.03209733963012695
0.010686635971069336
0.010219812393188477
0.010851144790649414
0.03623223304748535
0.011015653610229492
0.011233806610107422
0.011005640029907227
0.011281967163085938
0.010174036026000977
0.02842235565185547
0.029685258865356445
0.028671979904174805
0.030701875686645508
0.028254032135009766
0.028493881225585938
0.010541200637817383
0.036113739013671875
0.010301828384399414
0.010805606842041016
0.03166365623474121
0.011340141296386719
0.01140284538269043
0.01086735725402832
0.01095890998840332
0.01101374626159668
0.011300802230834961
0.011376380920410156
0.028711318969726562
0.009937763214111328
0.010977745056152344
0.010314464569091797
0.01139378547668457
0.01091909408569336
0.009485244750976562
0.010277271270751953
0.03908133506774902
0.01154470443725586
0.011548519134521484
0.030066728591918945
0.011245489120483398
0.0282595157623291
0.011377573013305664
0.011326074600219727
0.011315345764160156
0.010274887084960938
0.010941267013549805
0.010214090347290039
0.01014566421508789
0.03329324722290039
0.010877370834350586
0.010155200958251953
0.02908802032470703
0.010928630828857422
0.010183095932006836
0.010900497436523438
0.011556386947631836
0.01041412353515625
0.035507917404174805
0.010833024978637695
0.011422395706176758
0.040726661682128906
0.010360002517700195
0.010933160781860352
0.011558055877685547
0.010941505432128906
0.011227607727050781
0.011471033096313477
0.011287212371826172
0.011244058609008789
0.010283946990966797
0.011086702346801758
0.029492855072021484
0.010959625244140625
0.011337995529174805
0.010935783386230469
0.011236906051635742
0.03403449058532715
0.0359652042388916
0.011035919189453125
0.010823965072631836
0.025977611541748047
0.010289907455444336
0.027416229248046875
0.026925325393676758
0.010192394256591797
0.01089167594909668
0.01056671142578125
0.011181116104125977
0.029066801071166992
0.010241985321044922
0.010765790939331055
0.011404752731323242
0.008823156356811523
0.011282205581665039
0.011138200759887695
0.010885000228881836
0.008854866027832031
0.010441780090332031
0.011365652084350586
0.032825469970703125
0.01073765754699707
0.034999847412109375
0.011499166488647461
0.029436588287353516
0.009966373443603516
0.029001235961914062
0.010843992233276367
0.029105663299560547
0.010163307189941406
0.029754161834716797
0.010210275650024414
0.010697364807128906
0.010941743850708008
0.010241508483886719
0.0110321044921875
0.011336088180541992
0.010236978530883789
0.010690450668334961
0.011579513549804688
0.01025390625
0.010161161422729492
0.011279582977294922
0.028064250946044922
0.012101888656616211
0.011486291885375977
0.010588884353637695
0.009290218353271484
0.011201143264770508
0.011281490325927734
0.010926008224487305
0.011184930801391602
0.010859251022338867
0.010885238647460938
0.02831435203552246
0.011579751968383789
0.011345148086547852
0.011395692825317383
0.011176109313964844
0.011370658874511719
0.011429071426391602
0.011315345764160156
0.01125955581665039
0.03012561798095703
0.01003575325012207
0.04237985610961914
0.027971506118774414
0.02690291404724121
0.028676271438598633
0.011311054229736328
0.010231733322143555
0.011416912078857422
0.01090550422668457
0.009790897369384766
0.011072635650634766
0.011363029479980469
0.01135396957397461
0.010752439498901367
0.03008580207824707
0.01028299331665039
0.01128387451171875
0.010926961898803711
0.011423110961914062
0.010867118835449219
0.028528690338134766
0.01089787483215332
0.010840654373168945
0.010923147201538086
0.011514425277709961
0.008870124816894531
0.009454488754272461
0.011332273483276367
0.01018977165222168
0.011665821075439453
0.028572559356689453
0.010434865951538086
0.010245084762573242
0.010566473007202148
0.028516769409179688
0.01138448715209961
0.010168313980102539
0.010294437408447266
0.009524106979370117
0.02823638916015625
0.011421442031860352
0.010969161987304688
0.031888484954833984
0.031815528869628906
0.010964393615722656
0.010965585708618164
0.011014461517333984
0.011533737182617188
0.01095890998840332
0.010921239852905273
0.030207157135009766
0.011456489562988281
0.010648727416992188
0.011501789093017578
0.010175466537475586
0.010843515396118164
0.011278867721557617
0.011389732360839844
0.010623931884765625
0.01109933853149414
0.03504014015197754
0.011107921600341797
0.010243892669677734
0.011195182800292969
0.01020050048828125
0.011426925659179688
0.038665771484375
0.034403085708618164
0.01115274429321289
0.010739803314208984
0.010869264602661133
0.011330842971801758
0.029648780822753906
0.010936975479125977
0.010864734649658203
0.008874177932739258
0.011240482330322266
0.037384033203125
0.011400222778320312
0.010558366775512695
0.011490583419799805
0.030375003814697266
0.009652853012084961
0.03801274299621582
0.011431217193603516
0.02893543243408203
0.028597116470336914
0.01089930534362793
0.029207706451416016
0.009545326232910156
0.010273218154907227
0.010908126831054688
0.010955095291137695
0.011283636093139648
0.010779857635498047
0.03258991241455078
0.01021122932434082
0.010931968688964844
0.009570121765136719
0.01110076904296875
0.027832508087158203
0.011490821838378906
0.0286409854888916
0.01135110855102539
0.010715723037719727
0.010636091232299805
0.011347055435180664
0.010799884796142578
0.00953984260559082
0.027666568756103516
0.028698444366455078
0.011391878128051758
0.028002023696899414
0.01162409782409668
0.02828669548034668
0.0292360782623291
0.010813713073730469
0.028880596160888672
0.011347770690917969
0.010779380798339844
0.010890007019042969
0.010864973068237305
0.011268854141235352
0.028419971466064453
0.028289318084716797
0.011522054672241211
0.010809898376464844
0.011448144912719727
0.010622978210449219
0.010857343673706055
0.009258270263671875
0.011122703552246094
0.010227441787719727
0.01082611083984375
0.0310666561126709
0.010913848876953125
0.01024937629699707
0.008908987045288086
0.011340618133544922
0.01028895378112793
0.01137542724609375
0.033358097076416016
0.010269403457641602
0.010879278182983398
0.010923624038696289
0.030913352966308594
0.010965108871459961
0.010102033615112305
0.010515213012695312
0.01028585433959961
0.011543512344360352
0.011177539825439453
0.027242660522460938
0.02802562713623047
0.02766561508178711
0.028217315673828125
0.02809453010559082
0.010773420333862305
0.011365890502929688
0.010831117630004883
0.03758096694946289
0.011043071746826172
0.011460304260253906
0.036470651626586914
0.011357307434082031
0.01090383529663086
0.011561393737792969
0.011350393295288086
0.010875463485717773
0.010561227798461914
0.01126408576965332
0.010257720947265625
0.011481761932373047
0.03364706039428711
0.011026144027709961
0.010237455368041992
0.011411666870117188
0.010215997695922852
0.010930538177490234
0.011400461196899414
0.011640310287475586
0.010922670364379883
0.028141498565673828
0.027258634567260742
0.09766435623168945
0.034925222396850586
0.011069059371948242
0.01097249984741211
0.01134037971496582
0.011292695999145508
0.010849475860595703
0.011318445205688477
0.010912418365478516
0.03730297088623047
0.00960993766784668
0.011059045791625977
0.011359930038452148
0.008829355239868164
0.010680675506591797
0.0113372802734375
0.01019906997680664
0.010928153991699219
0.009507417678833008
0.011080503463745117
0.035893917083740234
0.01132655143737793
0.02988409996032715
0.011214017868041992
0.010867118835449219
0.010213136672973633
0.010929346084594727
0.011183023452758789
0.01090097427368164
0.02912449836730957
0.010869979858398438
0.030347585678100586
0.011373758316040039
0.01071310043334961
0.010887384414672852
0.01029825210571289
0.010284423828125
0.035513877868652344
0.03348541259765625
0.00896143913269043
0.010881423950195312
0.02901744842529297
0.02739119529724121
0.010751008987426758
0.010879755020141602
0.03805661201477051
0.010308504104614258
0.01125335693359375
0.01129007339477539
0.010843753814697266
0.03203129768371582
0.03497052192687988
0.011585712432861328
0.03814244270324707
0.011411428451538086
0.009624481201171875
0.010854005813598633
0.03551959991455078
0.010634422302246094
0.028943777084350586
0.011597633361816406
0.009928703308105469
0.030050277709960938
0.010936737060546875
0.010209321975708008
0.010910749435424805
0.010718345642089844
0.010922908782958984
0.03407859802246094
0.03541088104248047
0.010782718658447266
0.011173486709594727
0.011480569839477539
0.010308027267456055
0.03078913688659668
0.008965015411376953
0.010257244110107422
0.010997295379638672
0.011304616928100586
0.011338233947753906
0.010930776596069336
0.010945796966552734
0.010868072509765625
0.01127934455871582
0.03697705268859863
0.011350154876708984
0.037000179290771484
0.03580427169799805
0.011484622955322266
0.02948760986328125
0.010263681411743164
0.01024317741394043
0.010172367095947266
0.01090860366821289
0.010205268859863281
0.010858297348022461
0.011334657669067383
0.011476993560791016
0.010190486907958984
0.010937929153442383
0.029903888702392578
0.011649608612060547
0.011514663696289062
0.011304855346679688
0.011369705200195312
0.010745048522949219
0.03840470314025879
0.011285543441772461
0.028574466705322266
0.011228084564208984
0.026927471160888672
0.03782796859741211
0.0358273983001709
0.010902166366577148
0.01147913932800293
0.010179519653320312
0.011382579803466797
0.01019597053527832
0.03005504608154297
0.0113372802734375
0.010287284851074219
0.011718034744262695
0.011382341384887695
0.03363490104675293
0.010965585708618164
0.010882139205932617
0.01025533676147461
0.010922670364379883
0.010942459106445312
0.010225534439086914
0.010719060897827148
0.010850906372070312
0.15068387985229492
0.010500431060791016
0.010213613510131836
0.01023411750793457
0.010848522186279297
0.03182268142700195
0.01079416275024414
0.010171175003051758
0.010843515396118164
0.02765202522277832
0.02341008186340332
0.010125875473022461
0.011562108993530273
0.03038954734802246
0.011172056198120117
0.010901689529418945
0.011186599731445312
0.011341571807861328
0.008929014205932617
0.010258674621582031
0.011197805404663086
0.0363771915435791
0.03610682487487793
0.011268854141235352
0.011466503143310547
0.010767221450805664
0.010241508483886719
0.011342525482177734
0.010240793228149414
0.010193109512329102
0.010244369506835938
0.011310577392578125
0.010872364044189453
0.03600955009460449
0.010972023010253906
0.011111259460449219
0.010190486907958984
0.03441166877746582
0.010268211364746094
0.011359691619873047
0.010246992111206055
0.010152339935302734
0.009712934494018555
0.011383295059204102
0.01084280014038086
0.011242389678955078
0.03335404396057129
0.010866403579711914
0.010293006896972656
0.011324405670166016
0.03484463691711426
0.025047779083251953
0.030022144317626953
0.011170148849487305
0.025536060333251953
0.010964632034301758
0.011332511901855469
0.011091947555541992
0.011214971542358398
0.011358261108398438
0.010532617568969727
0.010957479476928711
0.030255556106567383
0.009551048278808594
0.010228633880615234
0.011436939239501953
0.010222196578979492
0.010893821716308594
0.010161638259887695
0.010201215744018555
0.011781454086303711
0.011343717575073242
0.01073598861694336
0.027468204498291016
0.01094508171081543
0.010933399200439453
0.010973691940307617
0.011439800262451172
0.010234355926513672
0.011306285858154297
0.010234594345092773
0.028911113739013672
0.011385917663574219
0.011402368545532227
0.01149749755859375
0.01025843620300293
0.008893489837646484
0.010611295700073242
0.010912179946899414
0.03419947624206543
0.01130056381225586
0.011356830596923828
0.01091623306274414
0.011048555374145508
0.010915040969848633
0.009513616561889648
0.01088094711303711
0.010836601257324219
0.009603023529052734
0.01097416877746582
0.010694742202758789
0.010882854461669922
0.01080775260925293
0.009458065032958984
0.01124119758605957
0.011368751525878906
0.009596109390258789
0.011568784713745117
0.011196374893188477
0.011553287506103516
0.030437231063842773
0.011343002319335938
0.0092926025390625
0.011291742324829102
0.010852575302124023
0.01097869873046875
0.009472846984863281
0.01087188720703125
0.010708093643188477
0.010621309280395508
0.008764266967773438
0.010966300964355469
0.029206037521362305
0.010964393615722656
0.010859966278076172
0.029545307159423828
0.010214567184448242
0.030196666717529297
0.027981042861938477
0.044553518295288086
0.029025793075561523
0.011562347412109375
0.010818004608154297
0.030037403106689453
0.011449575424194336
0.03458118438720703
0.010951042175292969
0.011226415634155273
0.00885009765625
0.03618359565734863
0.011669397354125977
0.010656595230102539
0.030291318893432617
0.007494688034057617
0.03196978569030762
0.010991573333740234
0.010197162628173828
0.037270545959472656
0.009017229080200195
0.010241985321044922
0.03356814384460449
0.010865449905395508
0.010898590087890625
0.010943412780761719
0.011517763137817383
0.0355982780456543
0.010982990264892578
0.01032567024230957
0.010917186737060547
0.03333592414855957
0.010294198989868164
0.028638362884521484
0.011206388473510742
0.010955333709716797
0.029378175735473633
0.010870218276977539
0.011100053787231445
0.030267715454101562
0.009543895721435547
0.010843038558959961
0.01147603988647461
0.010621786117553711
0.011504650115966797
0.037611961364746094
0.011024713516235352
0.010895729064941406
0.01077723503112793
0.010962724685668945
0.009963750839233398
0.010850906372070312
0.010558366775512695
0.010947227478027344
0.010959148406982422
0.010976076126098633
0.010946035385131836
0.010994911193847656
0.010294675827026367
0.01020503044128418
0.011311054229736328
0.030256271362304688
0.01092219352722168
0.011206388473510742
0.010237693786621094
0.010208845138549805
0.029315471649169922
0.010662555694580078
0.03413963317871094
0.011421442031860352
0.010328531265258789
0.010568857192993164
0.011436939239501953
0.02736949920654297
0.01146078109741211
0.010993003845214844
0.010805845260620117
0.03569388389587402
0.03556251525878906
0.031522274017333984
0.01029348373413086
0.010825157165527344
0.010854244232177734
0.011593103408813477
0.010897636413574219
0.011422872543334961
0.01124262809753418
0.035671234130859375
0.010936498641967773
0.011357307434082031
0.011290788650512695
0.029460430145263672
0.01086878776550293
0.02868366241455078
0.028316259384155273
0.011272668838500977
0.010211944580078125
0.010933399200439453
0.010759353637695312
0.011383533477783203
0.011474847793579102
0.029464244842529297
0.03608560562133789
0.010727882385253906
0.029425621032714844
0.011643171310424805
0.010215282440185547
0.011279582977294922
0.010861635208129883
0.008915424346923828
0.01128697395324707
0.027683258056640625
0.008942604064941406
0.011366844177246094
0.010886907577514648
0.010769128799438477
0.011452674865722656
0.02997589111328125
0.028116464614868164
0.027272462844848633
0.010738611221313477
0.030474424362182617
0.027454137802124023
0.028632164001464844
0.011261940002441406
0.010918140411376953
0.01083230972290039
0.01076817512512207
0.010189056396484375
0.011126279830932617
0.011080265045166016
0.030292510986328125
0.03656435012817383
0.010977745056152344
0.03383326530456543
0.027406692504882812
0.01022028923034668
0.029213905334472656
0.028207063674926758
0.010365724563598633
0.03232717514038086
0.029783010482788086
0.026859521865844727
0.010899066925048828
0.03021693229675293
0.010637283325195312
0.010653972625732422
0.010855913162231445
0.010824441909790039
0.01087641716003418
0.029465436935424805
0.01083683967590332
0.028541088104248047
0.010816097259521484
0.010940790176391602
0.03856348991394043
0.010871410369873047
0.011087417602539062
0.008924007415771484
0.0365598201751709
0.011787176132202148
0.010632991790771484
0.011398553848266602
0.011446237564086914
0.010658502578735352
0.028859376907348633
0.010306358337402344
0.011483430862426758
0.029142141342163086
0.011061429977416992
0.011468648910522461
0.011141061782836914
0.01089787483215332
0.008886575698852539
0.02724623680114746
0.011371135711669922
0.011260747909545898
0.01110529899597168
0.011139631271362305
0.010883331298828125
0.010146141052246094
0.03038311004638672
0.011517524719238281
0.010076045989990234
0.008965730667114258
0.010824918746948242
0.03241920471191406
0.010903120040893555
0.03761100769042969
0.010219573974609375
0.00952601432800293
0.010856151580810547
0.01024770736694336
0.010231256484985352
0.03432297706604004
0.027881622314453125
0.010321378707885742
0.010367393493652344
0.01140737533569336
0.011254072189331055
0.008872747421264648
0.011363506317138672
0.011317729949951172
0.027806758880615234
0.010683298110961914
0.011249303817749023
0.011291027069091797
0.008844375610351562
0.011295795440673828
0.01122593879699707
0.0326075553894043
0.01033473014831543
0.010937213897705078
0.00965738296508789
0.01091623306274414
0.011500120162963867
0.009471416473388672
0.028818368911743164
0.026816368103027344
0.01145792007446289
0.011216163635253906
0.030310630798339844
0.010534048080444336
0.010186910629272461
0.0108184814453125
0.010923385620117188
0.0325007438659668
0.011020660400390625
0.009528875350952148
0.035385847091674805
0.00823521614074707
0.027605533599853516
0.01125788688659668
0.011181116104125977
0.011038541793823242
0.009541511535644531
0.011240720748901367
0.011245489120483398
0.03337287902832031
0.010811805725097656
0.037461042404174805
0.01027059555053711
0.01083827018737793
0.01087641716003418
0.011383771896362305
0.010676145553588867
0.01145172119140625
0.011378288269042969
0.011218547821044922
0.011358499526977539
0.03238558769226074
0.011399030685424805
0.010668516159057617
0.010815143585205078
0.01134634017944336
0.010284423828125
0.011591434478759766
0.010914325714111328
0.010266304016113281
0.010234832763671875
0.011289358139038086
0.027657747268676758
0.028493165969848633
0.008895397186279297
0.010977506637573242
0.01076960563659668
0.01030731201171875
0.011404037475585938
0.04517817497253418
0.010411500930786133
0.011458873748779297
0.010220050811767578
0.011179685592651367
0.034694671630859375
0.01024770736694336
0.010233879089355469
0.01092982292175293
0.011346101760864258
0.011055231094360352
0.01142740249633789
0.01085972785949707
0.011306047439575195
0.010888338088989258
0.0278475284576416
0.009632587432861328
0.011529207229614258
0.011382102966308594
0.029381513595581055
0.010927915573120117
0.009982109069824219
0.02680373191833496
0.027551889419555664
0.028299570083618164
0.02814936637878418
0.028016090393066406
0.02841949462890625
0.011445999145507812
0.008944511413574219
0.010148763656616211
0.029036283493041992
0.010765552520751953
0.011318206787109375
0.0302731990814209
0.02773141860961914
0.009567499160766602
0.01092672348022461
0.01116633415222168
0.010058879852294922
0.010212421417236328
0.010692119598388672
0.011250495910644531
0.030160903930664062
0.011677980422973633
0.010589361190795898
0.010081768035888672
0.010259866714477539
0.010870218276977539
0.03591465950012207
0.011404991149902344
0.030668973922729492
0.00903463363647461
0.010305643081665039
0.027843713760375977
0.011408567428588867
0.02852606773376465
0.0276949405670166
0.010863542556762695
0.030120849609375
0.03470945358276367
0.011562585830688477
0.011245250701904297
0.030266284942626953
0.010200262069702148
0.029067277908325195
0.010242462158203125
0.030597209930419922
0.010287284851074219
0.029978036880493164
0.010851144790649414
0.011446475982666016
0.01131749153137207
0.010830879211425781
0.03139972686767578
0.009618043899536133
0.011197566986083984
0.010641813278198242
0.010114192962646484
0.010907649993896484
0.03230166435241699
0.011352777481079102
0.011067628860473633
0.010519027709960938
0.011373758316040039
0.011431694030761719
0.010943174362182617
0.009569644927978516
0.010874032974243164
0.010302305221557617
0.01096343994140625
0.010219573974609375
0.010918855667114258
0.011543035507202148
0.033495187759399414
0.027566194534301758
0.028793811798095703
0.010920047760009766
0.028037071228027344
0.028185129165649414
0.0286407470703125
0.03551054000854492
0.011143684387207031
0.011477470397949219
0.010356664657592773
0.011359691619873047
0.011286258697509766
0.011485815048217773
0.011447429656982422
0.01025843620300293
0.010236024856567383
0.009609222412109375
0.011216878890991211
0.008852720260620117
0.010190486907958984
0.010860919952392578
0.010128498077392578
0.00894021987915039
0.010131597518920898
0.010810375213623047
0.011444807052612305
0.010981559753417969
0.011366844177246094
0.008887052536010742
0.034467458724975586
0.02861809730529785
0.00968170166015625
0.010861396789550781
0.027687788009643555
0.027729511260986328
0.027881622314453125
0.03105473518371582
0.032319068908691406
0.031612396240234375
0.011293649673461914
0.011543989181518555
0.010985374450683594
0.010922431945800781
0.010939598083496094
0.01090240478515625
0.010898113250732422
0.010977745056152344
0.031812191009521484
0.011516571044921875
0.008948564529418945
0.011393070220947266
0.010920524597167969
0.011012792587280273
0.009912967681884766
0.03487253189086914
0.010930776596069336
0.008894681930541992
0.029636621475219727
0.033709049224853516
0.03100895881652832
0.009624481201171875
0.027695655822753906
0.02867889404296875
0.010568380355834961
0.03098750114440918
0.027057647705078125
0.011515140533447266
0.029732465744018555
0.008884429931640625
0.030761003494262695
0.027615070343017578
0.00883936882019043
0.010224580764770508
0.01073908805847168
0.035591840744018555
0.011267900466918945
0.032355546951293945
0.009602069854736328
0.011166095733642578
0.010973215103149414
0.010976314544677734
0.010155439376831055
0.030333518981933594
0.010256052017211914
0.011390447616577148
0.010996341705322266
0.010245561599731445
0.011327981948852539
0.010869503021240234
0.010643243789672852
0.011388301849365234
0.010907411575317383
0.010907411575317383
0.008959770202636719
0.01075887680053711
0.011205673217773438
0.025949716567993164
0.009470701217651367
0.010206937789916992
0.11615180969238281
0.011718273162841797
0.011158943176269531
0.01075291633605957
0.010927438735961914
0.01127934455871582
0.011194467544555664
0.01125788688659668
0.010574102401733398
0.03596091270446777
0.011357545852661133
0.010225296020507812
0.031243085861206055
0.009426355361938477
0.010263681411743164
0.011573553085327148
0.011391878128051758
0.027057170867919922
0.029781818389892578
0.011506080627441406
0.01168370246887207
0.010549306869506836
0.011431455612182617
0.03879976272583008
0.006314754486083984
0.010898113250732422
0.011510372161865234
0.011365175247192383
0.010943889617919922
0.02875995635986328
0.011320114135742188
0.010198593139648438
0.010868549346923828
0.011567831039428711
0.011509418487548828
0.010926485061645508
0.008991003036499023
0.009993553161621094
0.010968446731567383
0.03403306007385254
0.010555505752563477
0.011292695999145508
0.008880376815795898
0.030859708786010742
0.011348247528076172
0.026992082595825195
0.029089689254760742
0.010834932327270508
0.029648542404174805
0.0113372802734375
0.009899616241455078
0.010848760604858398
0.027944326400756836
0.011275768280029297
0.010529756546020508
0.008252859115600586
0.010857343673706055
0.010990619659423828
0.046241044998168945
0.010837316513061523
0.010182619094848633
0.010441064834594727
0.029584407806396484
0.010924100875854492
0.029064655303955078
0.010727405548095703
0.028647184371948242
0.011122465133666992
0.02950906753540039
0.010943174362182617
0.010347127914428711
0.009516000747680664
0.010907888412475586
0.010921239852905273
0.01030588150024414
0.011503934860229492
0.011345863342285156
0.011297941207885742
0.011592388153076172
0.03155827522277832
0.010889291763305664
0.010825634002685547
0.010866165161132812
0.03082752227783203
0.010893583297729492
0.028424739837646484
0.011364936828613281
0.010730981826782227
0.010894775390625
0.027518033981323242
0.010925531387329102
0.029144287109375
0.0282440185546875
0.011437654495239258
0.010808467864990234
0.011325359344482422
0.030446290969848633
0.010766267776489258
0.010188102722167969
0.010202646255493164
0.010135173797607422
0.0102081298828125
0.01021718978881836
0.010784149169921875
0.01026463508605957
0.011237144470214844
0.010063409805297852
0.010223388671875
0.010898590087890625
0.01012730598449707
0.010826349258422852
0.011032342910766602
0.010270118713378906
0.010717630386352539
0.011538028717041016
0.011407613754272461
0.051221609115600586
0.01104426383972168
0.02649068832397461
0.028947114944458008
0.02821636199951172
0.03074789047241211
0.010863542556762695
0.010122299194335938
0.038579702377319336
0.03003215789794922
0.009519338607788086
0.010065793991088867
0.011197805404663086
0.010640859603881836
0.010896682739257812
0.03046441078186035
0.010238409042358398
0.01083827018737793
0.03760504722595215
0.03322124481201172
0.010276317596435547
0.011504173278808594
0.010908365249633789
0.010291576385498047
0.029612302780151367
0.009654521942138672
0.010873079299926758
0.01028895378112793
0.010877609252929688
0.03473305702209473
0.03238630294799805
0.03151750564575195
0.010544776916503906
0.008822917938232422
0.03446030616760254
0.03220176696777344
0.011473417282104492
0.030207157135009766
0.011525154113769531
0.03195691108703613
0.027977705001831055
0.03072834014892578
0.01054692268371582
0.010257959365844727
0.010923385620117188
0.011061429977416992
0.011639833450317383
0.010965824127197266
0.03539562225341797
0.03293585777282715
0.035002708435058594
0.010219335556030273
0.011219263076782227
0.010871410369873047
0.010878801345825195
0.011448860168457031
0.011546850204467773
0.02787613868713379
0.03046703338623047
0.011291027069091797
0.011322021484375
0.029633283615112305
0.027600526809692383
0.011373519897460938
0.011312484741210938
0.011307477951049805
0.010711669921875
0.035003662109375
0.010859251022338867
0.009640216827392578
0.03430438041687012
0.011292219161987305
0.034696102142333984
0.011428117752075195
0.010875701904296875
0.010282039642333984
0.011178731918334961
0.01043391227722168
0.008898019790649414
0.010763406753540039
0.010581016540527344
0.010334014892578125
0.011444807052612305
0.010933399200439453
0.010250091552734375
0.03318977355957031
0.011090278625488281
0.010660648345947266
0.011358022689819336
0.010745525360107422
0.030061960220336914
0.01098942756652832
0.01016092300415039
0.03852128982543945
0.011411190032958984
0.010216474533081055
0.010245323181152344
0.010866880416870117
0.028717041015625
0.010917901992797852
0.011316537857055664
0.01024484634399414
0.033133745193481445
0.00901174545288086
0.01126861572265625
0.031067609786987305
0.011307477951049805
0.02823042869567871
0.01090383529663086
0.02834916114807129
0.011493444442749023
0.010634422302246094
0.011350870132446289
0.026455402374267578
0.011345624923706055
0.011327981948852539
0.008957147598266602
0.011385679244995117
0.010876178741455078
0.010874271392822266
0.010753631591796875
0.011280536651611328
0.010938882827758789
0.011336803436279297
0.011197805404663086
0.01093292236328125
0.010545015335083008
0.03103160858154297
0.03131461143493652
0.011005401611328125
0.010343551635742188
0.01136636734008789
0.010768651962280273
0.010889053344726562
0.01141500473022461
0.011189699172973633
0.010589122772216797
0.011240959167480469
0.010865926742553711
0.011013269424438477
0.02777242660522461
0.027874231338500977
0.03242826461791992
0.01089787483215332
0.011300802230834961
0.011201143264770508
0.0284273624420166
0.010244131088256836
0.011473417282104492
0.01090550422668457
0.031167984008789062
0.010738134384155273
0.011431217193603516
0.03904151916503906
0.010518312454223633
0.010288238525390625
0.010931015014648438
0.011004447937011719
0.0444183349609375
0.011275291442871094
0.010965108871459961
0.011347293853759766
0.01040792465209961
0.010944128036499023
0.010925769805908203
0.03089284896850586
