0.9527849159416699
0.9999999999999999
1.0
1.0000000000000002
1.0000000000000002
1.0
1.0
0.9999999999999999
1.0000000000000002
0.9999999999999999
1.0000000000000002
1.0
0.9999999999999998
1.0
0.9999999999999999
1.0
1.0
1.0
1.0
1.0
0.9999999999999999
1.0
1.0000000000000002
1.0
1.0000000000000002
1.0000000000000002
1.0000000000000002
0.9999999999999999
1.0
0.9999999999999998
1.0000000000000002
0.9999999999999997
0.9999999999999997
1.0000000000000002
0.9999999999999999
1.0
0.9999999999999996
0.9999999999999999
0.9999999999999998
1.0
1.0
1.0000000000000002
1.0
1.0
0.9999999999999998
1.0
1.0
1.0
1.0
1.0000000000000002
1.0000000000000002
1.0000000000000002
0.9999999999999999
1.0
0.9783832054367402
1.0
0.9999999999999997
1.0
1.0
1.0000000000000002
0.9978342825058155
1.0
0.9999999999999998
1.0
0.9927123983262024
1.0
0.9999999999999997
0.9999999999999999
1.0
0.8666666666666666
1.0
1.0000000000000002
0.9963112975553305
0.9999999999999998
1.0
1.0000000000000002
1.0
1.0000000000000002
1.0000000000000002
0.9999999999999998
1.0000000000000002
1.0000000000000002
1.0
1.0
1.0000000000000004
1.0
1.0000000000000002
1.0000000000000149
1.0
1.0
0.9999999999999999
1.0000000000000002
0.9999999999999992
0.9999999999999999
1.0000000000000002
1.0
0.9612087596115495
1.0
1.0
1.0
1.0
0.9999999999999996
1.0
1.0
1.0000000000000002
0.9999999999999999
1.0
1.0000000000000002
0.9838178195937006
1.0000000000000002
0.9999999999999999
1.0
0.979762439736143
1.0
0.9999999999999998
1.0000000000000002
1.0
1.0000000000000002
0.9999999999999999
0.9959145632156521
1.0000000000000002
1.0000000000000002
1.0
0.9999999999999999
0.9999999999999993
1.0000000000000002
1.0
0.9999999999999999
1.0000000000000002
1.0000000000000002
1.0000000000000002
0.9999999999999999
1.0000000000000002
1.0000000000000002
1.0000000000000002
1.0000000000000002
1.0000000000000002
1.0
0.997691847302818
1.0000000000000002
1.0
1.0
0.9605722693488637
1.0000000000000002
1.0000000000000002
0.9999999999999999
1.0000000000000004
1.0
0.9999999999999998
1.0
1.0
1.0
1.0
0.9999999999999999
1.0000000000000002
0.9999999999999998
1.0000000000000002
0.9999999999999999
1.0
1.0
0.9999999999999994
1.0000000000000002
0.9955853329178351
0.9571700978545084
1.0
1.0000000000000002
1.0
1.0000000000000002
1.0
1.0000000000000002
0.9999999999999999
1.0000000000000002
1.0
1.0000000000000002
0.9999999999999999
0.9999999999999999
1.0
1.0000005866241481
0.9999999999999999
1.0
1.0000000000000002
1.0000000000000002
0.9999999999999999
1.0000000000000002
1.0000000000000004
0.9999999999999999
0.9999999999999998
0.9999999999999998
1.0
1.0000000000000002
0.9999999999999999
1.0
1.0000000000000002
0.985556805399325
1.0000000000000002
1.0
1.0
1.0
1.0
0.9999999999999999
1.0000000000000002
1.0000000000000002
0.9999999999999999
1.0
0.9999999999999999
0.9999999999999999
1.0
1.0
1.0
0.9999999999999998
1.0
1.0
0.9999999999999999
0.9999999999999999
0.9999999999999999
0.9999999999999999
1.0000000000000002
1.0000000000000002
1.0
0.9999999999999998
0.9999999999999992
0.9999999999999999
0.9999999999999996
0.9999999999999998
1.0000000000000002
1.0
1.0
1.0
1.0
1.0000000000000002
0.9999999999999999
1.0
0.9088573548945184
1.0000000000000002
1.0000000000000002
1.0
0.9999999999999999
0.9999999999999999
0.9999999999999991
0.9834591447975578
1.0000000000000002
1.0
1.0000000000000002
1.0000000000000002
1.0000000000000002
1.0
0.9999999999999996
1.0000000000000002
1.0
0.9999999999999998
1.0
1.0000000000000002
0.9999999999999998
0.9610610481517903
1.0000000000000002
0.9999999999999997
0.9999999999999998
1.0
1.0
1.0
1.0
1.0
1.0
0.9999999999999999
1.0
1.0
1.0
1.0
0.9999999999999998
1.0
0.9999999999999998
1.0000000000000002
0.9974949102939306
0.9772801645551867
1.0000000000000002
1.0000000000000002
1.0
1.0
0.9999999999999999
1.0
1.0000000000000002
1.0000000000000002
1.0
0.9999999999999998
0.9999999999999999
0.9999999999999999
1.0
1.0000000000000002
1.0000000000000002
1.0
1.0
1.0
0.8991702621971459
0.9999999999999994
0.9999999999999999
1.0000000000000002
1.0000000000000002
0.9999999999999998
1.0
1.0000000000000002
1.0000000000000002
1.0000000000000002
1.0
1.0
0.9999999999999998
0.9429370519183801
1.0
1.0
0.9999999999999999
0.9999999999999999
1.0
1.0000000000000002
1.0000000000000018
0.9999999999999991
1.0
0.9999999999999999
1.0
1.0
0.9999999999999999
0.9999999999999999
0.9999999999999999
1.0000000000000002
0.9999999999999999
0.9999999999999999
1.0000000000000002
0.9999999999999999
1.0
1.0
0.9190379254824913
0.9999999999999999
1.0000000000000002
0.9999999999999998
1.0000000000000002
0.990454250953855
1.0000000000000002
1.0000000000000002
0.9999999999999999
1.0
1.0000000000000002
1.0
1.0000000000000002
0.9999999999999999
0.9999999999999998
1.0
1.0000000000000007
1.0000000000000024
0.9999999999999997
1.0000000000000002
1.0000000000000002
1.0
1.0
1.0
0.9927777686587986
0.9460379112892312
1.0000000000000002
0.9999999999999999
1.0000000000000002
1.0000000000000002
0.9129675881251061
1.0
1.0
0.9905383054786367
0.9999999999999999
1.0000000000000002
0.9999999999999999
1.0
1.0
1.0
0.9999999999999999
0.9999999999999999
0.9999999999999997
1.0000000000000056
0.9999999999999999
0.9811996371204439
0.9999999999999998
0.9999999999999999
1.0
1.0
1.0
1.0000000000000004
1.0000000000000002
1.0000000000000002
1.0
1.0000000000000002
1.0000000000000002
1.0000000000000002
1.0000000000000002
1.0000000000000002
0.9999999999999998
0.9471296933923595
0.9999999999999999
0.9999999999999999
1.0
0.9999999999999999
1.0000000000000004
0.9999999999999998
1.0
0.9999999999999999
0.9999999999999999
1.0
0.9999999999999998
1.0000000000000002
1.0000000000000002
1.0
0.9999999999999999
0.9999999999999998
1.0
0.9999999999999938
0.9999999999999999
0.9999999999999999
1.0
1.0
0.9999999999999998
0.9755885954171769
1.0
0.9999999999999999
1.0
1.0
1.0
0.9999999999999998
0.9999999999999999
0.998425720285848
1.0000000000000002
0.9999999999999993
1.0000000000000002
0.9999999999999999
1.0
1.0000000000000002
0.973752320316048
1.0000000000000002
1.0
1.0
1.0000000000000002
0.9820088728967759
0.957615745918139
1.0000000000000002
1.0000000000000002
0.9999999999999998
1.0
1.0
0.9909931172768018
0.9999999999999999
0.9999999999999999
1.0
1.0
1.0
0.9999999999999999
1.0
0.9999999999999999
1.0000000000000002
1.0000000000000002
1.0000000000000002
1.0000000000000002
0.9999999999999998
0.9961125085753487
1.0000000000000002
0.9999999999999996
0.9949609149572426
0.9999999999999998
1.0
1.0
1.0000000000000002
1.0
1.0
1.0000000000000002
1.0000000000000002
0.993430520614762
0.9999999999999999
1.0000000000000002
0.9999999999999997
0.9826498242405193
1.0
1.0000000000000002
0.985227346459134
1.0000000000000002
0.9999999999999998
1.0
1.0000000000000002
0.9999999999999999
0.9999999999999998
1.0000000000000002
1.0
1.0000000000000002
0.9950505238248507
0.9999999999999999
0.9999999999999999
0.9731445891257599
1.0
1.0
1.0
0.9825125369679819
0.9975275276332042
1.0
0.9999999999999998
1.0
0.9512838735593117
1.0
1.0000000000000002
1.0
1.0000000000000002
1.0
1.0
1.0
0.9131413981670254
1.0
0.9999999999999999
1.0000000000000002
1.0000000000000002
1.0
1.0
0.9999999999999999
0.9858014149792635
1.0
0.9999999999999999
1.0
0.9999999999999998
1.0000000000000002
1.0000000000000002
0.9999999999999999
1.0000000000000002
1.0000000000000002
1.0
1.0000000000000002
0.9915299569489541
0.9999999999999997
1.0
0.9999999999999997
1.0
1.0000000000000002
0.9999999999999998
0.9999999999999999
1.0
0.9999999999999999
1.0000000000000002
1.0
0.9375000000000001
0.9999999999999999
1.0000000000000002
1.0
1.0000000000000002
1.0000000000000002
1.0
1.0
1.0
1.0000000000000002
0.9999999999999999
0.9999999999999999
0.9999999999999999
1.0
1.0
1.0
1.0000000000000002
1.0
0.9999999999999998
1.0
0.9999999999999999
1.0000000000000002
1.0000000000000002
0.9999999999999998
0.9999999999999999
1.0
1.0
0.993782548897394
0.9999999999999999
1.0
0.9999999999999997
1.0
1.0000000000000002
0.9999999999999999
1.0
1.0
0.9999999999999997
1.0
1.0000000000000033
0.9999999999999997
1.0000000000000002
1.0000000000000002
1.0
0.9999999999999998
1.0
1.0000000000000002
0.9999999999999998
1.0
1.0
0.9999999999999999
0.9999999999999999
1.0000000000000002
0.9999999999999998
0.9600516539705729
1.0
1.0
0.9999999999999999
1.0
1.0
0.9999999999999999
0.9999999999999999
1.0
0.9841221202367061
1.0000000000000004
1.0000000000000002
1.0
1.0
0.9999999999999999
1.0
0.9999999999999251
0.9999999999999998
1.0000000000000002
1.0000000000000002
1.0000000000000002
0.9999999999999999
1.0000000000000002
1.0
0.9845319401820084
1.0
1.0
0.9999999999999998
1.0
0.9999999999999999
0.9999999999999999
1.0000000000000002
1.0000000000000002
1.0000000000000002
0.9898145820511264
1.0000000000000002
0.9516217588843287
0.9999999999999999
1.0000000000000004
1.0
1.0
1.0
0.9949083844169766
0.9999999999999999
1.0
1.0
1.0
0.9999999999999999
1.0
0.9999999999999999
1.0
0.9999999999999998
1.0
0.9999999999999998
1.0000000000000002
0.9999999999999997
1.0
0.9999999999999996
0.9999999999999999
1.0000000000000002
0.9999999999999999
0.9999999999999999
0.923634016024205
1.0
1.0000010109495951
0.9999999999999997
0.9999999999999997
0.9999999999999998
1.0000000000000002
0.9730756196463836
1.0000000000000002
0.9872629865013915
1.0
0.9894214160516409
0.9999999999999999
0.9999999999999998
0.9846396253653039
0.9999999999999999
1.0000000000000002
0.9719715756350679
1.0
0.9845754554265157
1.0
1.0000000000000002
1.0
1.0000000000000002
0.9999999999999999
1.0
1.0
0.9999999999999997
1.0000000000000002
0.9999999999999998
0.9919051951384513
1.0000000000000002
1.0000000000000002
1.0000000000000002
1.0
1.0000000000000002
1.0000000000000002
1.0
0.9999999999999999
1.0000000000000002
1.0
0.9999999999999998
0.9999999999999999
1.0
1.0
1.0000000000000004
1.0000000000000002
0.9999999999999997
1.0
1.0000000000000044
0.9999999999999999
0.9749128191138694
1.0
1.0
1.0000000000000002
1.0000000000000002
1.0
1.0
0.9999999999999999
1.0000000000000002
0.9907124333702917
0.9999999999999999
1.0000000000000002
1.0000000000000002
0.9999999999999999
0.9638967016108433
0.9999999999999998
0.9999999999999999
1.0
1.0
0.9999999999999998
1.0000000000000002
1.0
1.0
1.0
1.0000000000000004
1.0
0.9896790003019532
0.9999999999999999
1.0000000000000002
0.9999999999999998
1.0
1.0
0.9999999999999999
0.9771352221727361
1.0000000000000002
1.0000000000000002
1.0000000000000002
1.0000000000000002
1.0
1.0000000000000002
0.9999999999999999
1.0
0.9999999999999999
1.0
0.9999999999999999
0.9468917257028042
1.0
0.9848248684502791
1.0
1.0
0.9999999999999998
1.0000000000000002
1.0000000000000002
0.9999999999999999
0.9999999999999998
1.0000000000000002
1.0000000000000002
0.9999999999999999
0.9999999999999999
0.9999999999999999
1.0000000000000002
0.9999999999999999
1.0000000000000002
1.0000000000000002
1.0
1.0
1.0
0.9999999999999998
0.9539439958372679
0.9999999999999998
0.9999999999999999
0.9999999999999999
1.0000000000000002
0.9591337049582586
1.0000000000000002
0.9999999999999997
1.0000000000000002
0.9999999999999999
0.9999999999999998
0.9999999999999998
1.0
0.9999999999999998
0.9999999999999997
1.0
1.0000000000000002
0.9999999999999999
0.9999999999999999
0.9999999999999999
1.0
0.9999999999999998
1.0000000000000002
1.0000000000000002
0.9999999999999999
1.0000000000000004
1.0000000000000002
1.0
1.0000000000000002
1.0000000000000002
1.0000000000000002
0.9999999999999999
0.9999999999999999
1.0000000000000002
1.0
1.0
1.0
1.0000000000000002
1.0
1.0
1.0
0.9999999999999999
0.9999999999999999
1.0
0.9999999999999999
1.0
1.0
1.0
1.0
1.0
0.9999999999999999
1.0
0.984321720035397
1.0
0.9636395763879889
1.0
1.0000000000000002
1.0
1.0
0.9999999999999999
0.984644261419718
1.0000000000000002
1.0000000000000002
0.9983592325722721
1.0000000000000002
0.9999999999999997
1.0
1.0000000000000002
0.9999999999999999
1.0
1.0000000000000002
1.0
1.0
1.0
1.0000000000000002
1.0
1.0000290549513875
0.9999999999999997
0.9504145110016831
1.0
0.9999999999999997
1.0000338226341068
0.9999999999999999
1.0
1.0000000000000002
1.0000000000000002
0.9999999999999999
0.9999999999999998
0.9485709578700906
1.0
0.9725992542224172
1.0000000000000002
0.9999999999999999
0.9999999999999999
0.9999999999999999
0.9999999999999998
1.0
1.0
1.0000000000000002
0.9892448744155924
1.0
1.0000000000000007
1.0000000000000002
1.0
1.0000000000000002
1.0
1.0000000000000002
0.9999999999999999
0.9999999999999999
0.9999999999999999
0.968118532767581
1.0
1.0
0.9953162608596839
1.0
1.0000000000000002
0.9999999999999998
1.0000000000000002
1.0
1.0
1.0
0.9999999999999999
1.0
0.9999999999999997
1.0
0.9999999999999998
0.9999999999999996
0.9999999999999999
1.0000000000000002
1.0
0.9683918712928372
0.8954230962954294
0.9999999999999999
0.9411764705882353
1.0000000000000004
0.9999999999999999
1.0000000000000002
1.0
1.0000000000000002
1.0
1.0000000000000002
1.0000000000000002
1.0
1.0
0.9999999999999998
1.0
0.9999999999999999
1.0
1.0
0.9999999999999998
1.0
0.9999999999999999
0.9999999999999996
1.0000000000000002
0.9999999999999998
1.0000000000000002
1.0000000000000002
0.9999999999999999
0.9999999999999999
1.0
0.9937423947857952
0.9999999999999999
1.0000000000000002
1.0000000000000002
0.9999999999999998
0.9999999999999999
0.9999999999999998
1.0000000000000002
1.0000000000000002
0.9999999999999999
0.929904524390017
0.9999999999999998
1.0
0.9999999999999998
0.9752895631538419
0.9999999999999958
0.9999999999999999
0.9999999999999999
1.0
1.0000000000000002
1.0
1.0
1.0
1.0000000000000002
1.0
0.9617420687065892
0.9999999999999998
1.0
0.9411764705882348
1.0
1.0
0.9999999999999999
0.9964018095348568
0.9999999999999999
0.9999999999999999
1.0000000000000002
0.9999999999999999
1.0000000000000002
0.9861732801618398
0.9939964604202822
1.0000000000000002
0.9999999999999999
1.0000000000000004
1.0
1.0
0.9999999999999999
1.0000000000000002
1.0
0.9358326891694575
1.0000000000000002
0.9999999999999999
1.0
1.0000000000000004
0.9999999999999999
1.0000000000000002
0.9999999999999999
1.0000000000000002
1.0000000000000002
0.9433419279713879
1.0000000000000002
1.0000000000000002
1.0
1.0
0.9999999999999998
1.0
1.0
1.0000000000000002
1.0
1.0000000000000002
1.0
1.0
0.9999999999999999
1.0
1.0000000000000002
1.0
0.9999999999999999
1.0
1.0000000000000002
1.0
0.9999999999999999
1.0
0.9999999999999999
1.0
0.9616382806163827
1.0000000000000002
1.0000000000000002
0.9991075777946649
1.0
0.9999999999999999
0.9722998822836961
1.0
1.0
1.0
0.9999999999999997
1.0
1.0
0.9999999999999999
0.9999999999999993
0.9667861634235558
1.0000000000000002
0.9999999999999999
1.0
1.0
1.0000000000000002
1.0000000000000002
0.9999999999999979
1.0000000000000002
1.0
0.9999999999999996
0.9999999999999999
0.9999999999999999
1.0
1.0
0.9999999999999999
1.0
1.0
1.0
1.0000000000000002
0.9999999999999997
0.9999999999999998
0.9999999999999999
1.0000000000000002
0.9999999999999997
1.0
0.9999999999999999
1.0000000000000002
0.9999999999999998
0.9995377263863535
0.9999999999999998
0.9999999999999998
1.0
0.9999999999999999
1.0000000000000002
1.0
1.0
0.9999999999999998
0.9999999999999999
1.0000000000000002
0.9999999999999999
0.9999999999999999
1.0
0.9999999999999999
0.9999999999999999
0.9999999999999997
1.0
1.0000000000000002
1.0000000000000002
0.9999999999999998
1.0000000000000002
0.9999999999999972
1.0000000000000002
1.0000000000000002
1.0
1.0000000000000002
1.0000000000000002
1.0
1.0
0.9999999999999999
0.9866711570479222
0.9999999999999999
1.0
1.0
1.0
0.9999999999999999
1.0
0.9999999999999999
0.9999999999999999
1.0
0.9999999999999999
1.0000000000000002
1.0000000000000002
1.0000000000000002
1.0
1.0
1.0
1.0000000000000002
0.9999999999999998
1.0
0.9999999999999997
1.0000000000000002
0.9805686669351589
0.9999999999999997
0.9999999999999999
1.0
0.9999999999999997
1.0
1.0
0.9999999999999999
0.9999999999999999
1.0000000000000002
1.0
1.0
1.0
1.0
0.9848544461003478
1.0
1.0000000000000002
0.9999999999999999
1.0000007449072554
0.9999999999999999
1.0000000000000002
1.0
0.9999999999999999
0.9999999999999998
1.0
0.9999999999999999
1.0000000000000002
1.0
0.9999999999999998
1.0
1.0000000000000002
1.0000000000000002
1.0
1.0000007686282826
1.0000000000000002
0.9999999999999999
1.0
1.000000000000001
1.0
0.9940580628604049
0.9999999999999999
1.0000000000000002
1.0
1.0000000000000002
0.9999999999999999
0.9999999999999998
1.0
0.9999999999999998
0.9572845283594322
0.9999999999999999
1.0
0.9999999999999998
0.9999999999999998
1.0
0.9999999999999998
0.9999999999999999
1.0
1.0000000000000002
1.0
1.0000000000000002
0.9999999999999998
1.0
1.0000000000000002
1.0000000000000002
1.0
1.0
1.0000000000000002
1.0000000000000002
1.0
0.9999999999999998
1.0
1.0
0.9999999999999992
1.0
0.9999999999999999
1.0
1.0
1.0
1.0000000000000002
1.0000000000000002
1.0
0.9999999999999999
1.0
1.0000000000000002
1.0
1.0
0.9957184903456934
1.0
1.0000000000000002
0.9999999999999999
0.9999999999999999
1.0000000000000002
0.9879607184108903
0.9999992041074423
1.0000000000000002
1.0
0.9999999999999999
1.0000000000000002
0.9999999999999999
1.0
0.9999999999999999
1.0
1.0
0.9999999999999999
1.0
1.0000000000000002
0.9844206205458268
1.0
1.0000000000000007
0.9999999999999998
1.0000000000000004
0.9999999999999997
0.9999999999999998
1.0
0.9999999999999998
1.0000000000000002
1.0
1.0
0.9999994260463603
1.0000000000000002
0.9999999999999999
1.0000000000000002
0.9999999999999999
1.0000000000000002
0.9999999999999976
1.0
1.0000000000000002
1.0000000000000002
1.0
1.0
0.9999999999999999
1.0
0.9826864900109847
1.0
1.0
1.0
0.9912787849093581
1.0
0.9999999999999997
0.9777510988349771
0.9999999999999999
1.0
0.9935749101472114
0.9016907337829888
1.0
1.0
1.0000000000000002
0.9999999999999998
0.9999999999999994
1.0
0.9644842704755019
0.9999999999999999
0.9999999999999999
1.0
0.9015829494772247
0.9965855430439521
1.0000000000000002
1.0000000000000004
0.9231575437092088
1.0
1.0
1.0000000000000002
0.9993456835562097
0.9999999999999999
1.0
1.0000000000000002
0.9999999999999999
1.0
1.000000000000001
1.0
1.0000000000000002
1.0000000000000004
0.9999999999999994
1.0
1.0000000000000002
0.9348787476123246
0.9999999999999999
1.0000000000000002
1.0
1.0
0.9999999999999999
1.0
0.9999999999999999
1.0
0.9861694702807414
0.9999999999999997
1.0
1.0
0.9999999999999998
1.0000000000000002
1.0000000000000002
1.0000000000000002
1.0000000000000002
1.0
0.9999999999999999
1.0000000000000002
0.9999999999999999
1.0
0.9999999999999999
1.0000000000000002
0.9374999999999999
0.9767131336109435
0.9940382393108517
1.0000000000000002
1.0000000000000007
1.0
0.9999999999999999
0.9999999999999997
0.9999999999999999
1.0000000000000002
1.0
0.9999999999999998
1.0000000000000002
0.9999999999999999
1.0
0.9999999999999999
1.0000000000000002
1.0
1.0
1.0000000000000002
1.0
1.0
1.0
1.0000000000000002
1.0
1.0000000000000002
1.0
0.9974098983883215
0.9999999999999998
0.9999999999999999
1.0
0.9999999999999999
1.0000000000000002
0.9999999999999999
0.9999999999999998
1.0
1.0
0.9999999999999996
1.0000000000000002
1.0
1.0
0.9855276355381936
0.9999999999999999
1.0000000000000002
0.9999999999999999
1.0000000000000002
0.9999999999999999
0.9999999999999998
1.0
0.9999999999999999
0.9999999999999999
1.0000000000000002
1.0
1.0000000000000002
1.0
1.0
0.9999999999999999
0.9798169425511196
1.0000000000000002
0.9600174391307268
1.0
0.9609541586061546
0.9999999999999999
1.0
1.0
1.0000000000000002
1.0000000000000004
0.9999999999999999
0.8753042567644063
0.9999999999999998
1.0
0.9999999999999999
0.9999999999999998
0.9999999999999998
0.9999999999999999
1.0
1.0000000000000009
1.0000000000000002
1.0000000000000002
1.0000000000000004
1.0000000000000002
1.0000000000000002
0.9922140783302541
1.0000000000000002
0.9999999999999999
1.0
1.0
1.0000000000000002
0.9999999999999997
0.9999999999999998
0.9999999999999999
1.0
1.0000000000000002
1.0000000000000002
0.9999999999999998
1.0
1.0
0.9999999999999999
1.0
0.9999999999999999
1.0000000000000004
0.9999999999999999
0.9999999999999999
0.9999999999999997
1.0
0.9761425098000294
1.0000000000000002
1.0
0.9999999999999999
0.9999999999999999
1.0
0.9999999999999999
1.0
1.0000000000000002
0.9999999999999998
1.0000000000000002
0.9999999999999999
0.9999999999999999
0.9836942922596162
1.0000000000000002
0.9999999999999999
0.9999999999999999
1.0
1.0000000000000002
1.0
1.0
1.0
1.0
1.0000000000000002
0.9671220690093414
1.0
1.0000000000000002
0.9960424808261913
1.0
1.0
1.0000000000000002
0.9999999999999999
1.0
1.0000000000000009
1.0
1.0000000000000002
1.0000000000000002
1.0000000000000002
0.9999999999999999
1.0
0.9999999999999999
1.0000000000000002
0.9999999999999999
0.9917263562546582
1.0
1.0
0.9999999999999998
1.0000000000000002
0.9999999999999999
1.0000000000000002
1.0000000000000002
1.0000000000000002
0.9588082996560148
1.0000000000000002
1.0
1.0
0.9999999999999998
1.0
1.0
1.0
0.9999999999999999
0.9999999999999998
0.9999999999999998
1.0
0.9999999999999998
1.0000000000000002
0.9999999999999996
0.9999999999999999
1.0
0.9999999999999981
1.0000000000000002
1.0
1.0000000000000002
0.9999999999999999
0.9999999999999998
0.9729693957086344
1.0
1.0000000000000036
1.0
0.9999999999999999
1.0000008315392874
1.0
1.0
1.0000000000000002
1.0000000000000002
1.0
0.9999999999999999
0.9999999999999999
1.0000000000000002
1.0000000000000002
1.0
0.994524739830305
1.0000000000000002
1.0
0.9400663662932298
1.0000000000000002
0.9975946355180619
1.0000000000000004
0.9999999999999998
0.9999999999999999
1.0
0.9999999999999999
1.0
1.0000000000000004
1.0000000000000002
0.9999999999999993
0.9999999999999998
0.9615050206898476
1.0
0.9973942749440454
1.0000000000000002
0.958696257504775
0.9999999999999999
1.0
1.0000000000000002
1.0
0.9999999999999998
1.0
0.9999999999999997
1.0
0.9999999999999998
0.9999999999999998
1.0
1.0
1.0000000000000002
0.9962911353989903
1.0000000000000002
1.0000000000000002
1.0000000000000022
0.9999999999999999
1.0
1.0
1.0
1.0
0.9999999999999999
1.000000000000002
1.0000000000000002
0.9999999999999998
1.0
0.9803380760877641
0.9999999999999999
1.0
1.0000000000000002
0.9444444444444442
0.9999999999999999
1.0
0.9751046980391135
1.0
1.0000000000000002
1.0
1.0
0.9999999999999999
1.0000000000000002
1.0000000000000004
1.0
1.0000000000000004
1.0
1.0000000000000002
1.0
1.0
1.0000000000000002
0.9999999999999999
1.0000000000000002
1.0000000000000002
0.9999999999999999
1.0
0.9999999999999999
1.0000000000000002
1.0
1.0
1.0
0.9999999999999998
0.9999999999999999
0.9631926834337976
1.0000000000000002
1.0
1.0
0.9999999999999999
1.0
1.0000000000000002
0.9999999999999999
1.0
1.0
0.9999999999999999
1.0000000000000004
0.9999999999999998
1.0
1.0
1.0
1.0
1.0
1.0000000000000002
1.0
0.9999999999999999
1.0000000000000002
0.9999999999999997
1.0000000000000002
1.0
1.0
1.0
0.9999999999999999
1.0000000000000016
1.0000000000000002
1.0
1.0
1.0000000000000002
1.0000000000000002
1.0
1.0
1.0000000000000002
1.0
1.0000000000000002
0.9095785436352635
1.0
1.0
1.0000000000000002
0.9999999999999999
1.0000000000000002
1.0000000000000002
1.0000000000000002
0.9999999999999999
0.9999999999999999
0.9963578780680917
1.0
0.9999999999999999
1.0000000000000002
1.0000000000000002
0.9999999999999999
0.9981422967317299
0.9999999999999999
0.9999999999999998
0.9999999999999999
1.0000000000000002
1.0000000000000002
1.0000000000000002
1.0
1.0
1.0
1.0
0.9999999999999999
1.0
1.0
0.9999999999999998
1.0
1.0
0.9999999999999997
0.9999999999999999
1.0000000000000002
1.0
1.0
0.9999999999999999
1.0000000000000002
0.9999999999999999
1.0000000000000002
0.985434399395618
0.9999999999999998
1.0
0.9999999999999998
1.0
0.9999999999999997
1.0000000000000002
0.9999999999999997
1.0
0.9999999999999999
0.9999999999999999
0.9899954176843753
0.9346185597811133
0.9999999999999999
0.9999999999999989
0.9999999999999999
1.0000000000000002
0.9999999999999999
0.9999999999999998
0.9999999999999999
1.0
0.9999999999999999
0.9999999999999999
0.9999999999999999
1.0000000000000044
1.0
1.0000000000000002
1.0
0.9999999999999999
1.0
1.0
1.0
0.9999999999999999
0.9999999999999997
1.0000000000000004
0.9999999999999999
1.0
0.9999999999999999
1.0
1.0000000000000002
1.0000000000000002
1.0
0.9999999999999999
1.0
1.0000000000000002
0.9999999999999999
0.9999999999999999
0.9999999999999998
1.0000000000000002
0.9999999999999999
1.0000000000000002
0.9888590322009906
1.0000000000000002
1.0
1.0000000000000002
1.0000000000000002
0.9999999999999999
0.9996949948309048
0.9999999999999999
0.9999999999999998
1.0000000000000013
0.9999999999999999
0.9999999999999998
0.9999999999999997
0.9630442153128177
0.9999999999999999
0.9999999999999999
0.9999999999999998
1.0000000000000002
0.9999999999999999
1.0000000000000002
0.9999999999999997
0.9999999999999999
1.0
0.9999999999999999
0.9999999999999999
0.9999999999999999
1.0
1.0000000000000002
0.9999999999999998
1.0
0.9999999999999996
1.0000000000000002
1.0000000000000002
1.0000000000000107
1.0000000000000004
0.9999999999999998
0.9999999999999999
1.0
1.0
1.0000000000000002
1.0
0.9846286105730191
1.0000000000000002
1.0000000000000002
1.0000000000000002
1.0
1.0000000000000002
0.9999999999999998
0.964638865520971
0.9999999999999998
0.9741467181467176
1.0000000000000002
1.0000000000000002
1.0000000000000002
0.9999999999999999
1.0000000000000002
0.9999999999999998
1.0
0.9999999999999999
0.9999999999999999
1.0
1.0000000000000002
0.9999999999999999
1.0
0.9999999999999998
0.9999999999999997
1.0000000000000004
1.0000000000000002
1.0
0.9584710833441797
0.9999999999999999
0.8921441718165305
1.0
1.0
1.0
1.0000000000000002
1.0
0.9999999999999999
0.9999999999999998
1.0
0.9999999999999999
1.0
1.0
0.9999999999999998
1.0
0.9562002177408228
0.9999999999999999
1.0000000000000002
0.9999999999999997
1.0
0.9999999999999998
1.0
1.0
1.0000000000000002
1.0
0.9999999999999996
0.9999999999999999
1.0000000000000002
1.0000000000000002
1.0
1.0
1.0
0.9948213952247567
0.9999993106638237
1.0
1.0000000000000002
1.0
1.0
1.0000000000000002
1.0000000000000002
0.9999999999999998
1.0000000000000002
0.9953337419211056
0.9999999999999998
1.0
1.0
1.0000000000000002
1.0
0.9999999999999999
1.0000000000000002
0.9999999999999999
0.9999999999999998
1.0000000000000002
1.0
1.0
1.0
0.9999999999999999
0.9999999999999998
0.9999999999999999
1.0
1.0000000000000002
1.0
1.0000000000000002
0.9999999999999999
0.9999999999999999
0.9999999999999999
1.0
1.0
1.0000000000000027
1.0
0.9999999999999999
1.0000000000000002
1.0000000000000002
1.0
1.0
1.0
1.0
0.9999999999999999
0.9999999999999999
1.0
1.0
0.9999999999999999
0.8938575632915222
0.9999999999999999
1.0
1.0000000000000002
1.0
1.0
0.9999999999999997
0.9999999999999999
1.0000000000000002
1.0000000000000002
0.9963624583487598
0.9999999999999999
1.0
1.0
0.9999999999999999
1.0
1.0
1.0
1.0000000000000002
1.0
0.9999999999999999
1.0
1.0
0.9999999999999999
1.0000000000000002
1.0000000000000002
0.9999999999999999
1.0000000000000002
1.0000000000000002
0.9999999999999998
0.9999999999999998
1.0
0.9999999999999999
0.9999999999999998
1.0
1.0
1.0000000000000002
0.9999999999999998
0.9999999999999999
1.0000000000000002
1.0
1.0
1.0
1.0000000000000002
1.0000000000000002
0.9999999999999999
0.9441963117399725
1.0000000000000002
1.0000000000000002
1.0000000000000002
1.0
1.0
0.948179658420696
1.0
0.9999999999999998
1.0
1.0000000000000002
0.9999999999999997
0.9829230624130528
1.0000000000000004
1.0000000000000002
1.0
0.9999999999999999
1.0000000000000002
0.9999999999999999
1.0
0.9891022713999003
1.0000000000000002
1.0
1.0
0.9999999999999997
1.0
1.0
0.9999999999999999
0.9999999999999999
0.9999999999999999
0.9999999999999999
1.0000000000000004
1.0000000000000002
1.0
1.0
1.0
1.0
0.9999999999999999
0.9702611786213071
0.9999999999999992
0.9999999999999997
1.0
1.0
1.0
0.9999999999999999
0.9999999999999999
0.9999999999999999
1.0000000000000002
1.0000000000000004
0.9999999999999999
0.9999999999999999
0.9999999999999999
1.0
1.0
1.0
1.0
1.0000000000000002
1.0
0.9999999999999998
1.0
1.0
1.0000000000000002
0.9999999999999998
1.0000000000000002
0.9999999999999999
1.0000000000000002
0.9999999999999999
1.0000000000000002
1.0000000000000002
0.9835037841762784
0.9999999999999999
1.0
1.0
1.0
1.0000000000000002
0.9811367981922479
0.9999999999999999
0.9999999999999998
1.0
0.9999999999999999
1.0000000000000002
1.0
0.9999999999999999
1.0
1.0000000000000002
1.0000000000000002
0.9999999999999999
1.0
1.0
1.0000000000000007
1.0000000000000002
0.9296222985255503
1.0
0.9999999999999999
0.9999999999999999
1.0
1.0
1.0
1.0000000000000002
0.9999999999999997
1.0
1.0000000000000002
0.9999999999999998
1.0
0.9678412529546664
1.000000602933028
1.0
1.0000000000000002
1.0000000000000002
1.0000000000000002
0.9999999999999999
1.0000000000000002
0.9999999999999997
0.9999999999999999
0.9027589400906415
1.0000000000000002
1.0
1.0
1.0
1.0000000000000002
1.0000000000000002
1.0
0.9999999999999997
0.9999999999999997
1.0000000000000002
0.9999999999999997
1.0
1.0000000000000002
1.0000000000000002
1.0000000000000002
1.0
1.0
0.9658461131238936
1.0
1.0000000000000002
1.0
0.9999999999999296
0.9999999999999998
1.0
1.0000000000000002
1.0
1.0
0.9999999999999998
0.9999999999999981
0.9716603533237237
1.0
1.0
1.0
1.0000000000000002
1.0
0.9999999999999998
1.0
1.0
1.0000000000000002
0.9999999999999998
1.0000000000000002
0.9999999999999999
1.0
0.9999999999999999
1.0000000000000002
1.0000000000000002
1.0
0.9905123141567129
0.9109483782686496
0.9999999999999998
1.0000000000000002
1.0000000000000002
1.0000000000000002
0.9999999999999999
1.0
1.0
0.9999999999999999
0.9641815886134065
1.0
1.0000000000000002
0.9999999999999998
1.0
1.0
0.9999999999999998
0.9999999999999999
1.0000000000000002
1.0
0.9999999999999998
1.0
1.0
0.9999999999999998
1.0000000000000002
1.0000000000000002
1.0
1.0000000000000002
1.0
0.9999999999999999
1.0
1.0
0.9999999999999999
0.9999999999999999
0.999999999999999
0.9999999999999999
0.9999999999999999
1.0000000000000002
1.0000000000000002
1.0000000000000002
1.0000000000000002
0.9999999999999999
1.0
1.0
1.0000000000000002
1.0
0.9999999999999999
1.0000000000000002
1.0
1.0000000000000002
1.0000000000000002
1.0
1.0000000000000002
1.0
1.0000000000000002
1.0
1.0
0.9999999999999999
0.9999999999999998
0.9999999999999996
1.0000000000000002
1.0000000000000002
1.0
1.0000000000000002
1.0
1.0
1.0
1.0000000000000002
1.0
1.0
1.0000000000000002
1.0000000000000002
0.9999999999999998
0.9999999999999999
1.0
0.9999999999999999
0.9999999999999999
1.0
0.9999999999999993
1.0000000000000002
0.8388667673577739
1.0
0.9999999999999997
1.0
1.0
1.0000000000000002
1.0
1.0000000000000004
1.0
0.9971304551408197
0.9999999999999999
1.0000000000000002
1.0000000000000002
0.9999999999999996
1.0000000000000002
1.0
1.0
0.9999999999999998
0.9293161837671332
1.0000000000000002
1.0000000000000002
0.9102759424162681
1.0
1.0
1.0000000000000002
1.0
1.0000000000000002
1.0000000000000002
0.9999999999999999
1.0
0.9999999999999997
1.0000000000000002
1.0000000000000002
1.0000000000000002
1.0000000000000004
1.0
0.9999999999999998
1.0
1.0000000000000002
1.0000000000000024
1.0
1.0
1.0000000000000002
1.0000000000000002
1.0000000000000002
1.0000000000000002
0.9999999999999997
1.0000000000000002
0.9999999999999991
1.0
1.0
1.0
1.0
1.0000000000000002
1.0000000000000002
0.9999999999999998
1.0000000000000002
0.9444444032419138
0.9091459240667069
1.0
1.0000000000000002
1.0
1.0000000000000002
1.0
1.0000000000000004
1.0
1.0
0.9999999999999999
1.0
1.0
0.9999999999999999
1.0
1.0
1.0000000000000002
0.9999999999999999
0.9999999999999999
0.9999999999999999
1.0
0.9795266208091858
1.0
1.0000000000000002
0.9880627436147971
0.9999999999999999
0.9999999999999999
1.0000000000000002
0.9999999999999999
1.0000000000000002
1.0
0.9999999999999999
1.0
1.0
0.9999999999999999
1.0
1.0
0.9918815853433106
1.0000000000000002
1.0
0.9849622553567773
1.0000000000000002
1.0000000000000002
0.9999999999999999
1.0
1.0
1.0000000000000002
1.0
1.0
0.9999999999999999
1.0000000000000002
1.0000000000000004
0.9999999999999997
1.0000000000000002
1.0000000000000002
1.0
1.0000000000000002
1.0
0.9291035006274689
0.9999999999999999
1.0
1.0
1.0
1.0
1.0000000000000002
1.0000000000000002
1.0000000000000002
1.0
1.0
1.0
1.0
0.9999999999999997
0.9999999999999997
1.0
0.9485598200681999
1.0
1.0
1.0
1.0000000000000002
1.0
1.0
0.9999999999999999
0.9999999999999994
0.9716219537556955
1.0
1.0
1.0000000000000002
0.9999999999999998
1.0
1.0000000000000002
0.9418733495572932
1.0
0.9999999999999999
0.9999999999999999
1.0000000000000002
0.9999999999999999
1.0
0.9738224363076993
1.0
1.0
0.9999999999999997
1.0
1.0000000000000002
0.9999999999999999
1.0000000000000002
1.0000000000000002
0.9654972633049961
0.9999999999999997
0.9999999999999998
1.0000000000000002
1.0
0.9644999125025852
1.0
0.9507327674821581
0.9999999999999999
0.9999999999999998
0.999999443718497
0.9999999999999999
1.0000000000000002
1.0000000000000002
1.0
0.9999999999999999
1.0
0.9999999999999999
1.0
1.0000000000000002
1.0000000000000002
0.9999999999999999
1.0000000000000002
1.0
1.0
0.9999999999999999
1.0000000000000002
1.0
0.9999999999999997
1.0
1.0000000000000002
0.9999999999999999
1.0
0.9999999999999999
1.0000000000000002
1.0000000000000002
1.0
0.9999999999999997
1.0000000000000004
0.9999999999999999
0.9999999999999999
0.9999999999999998
1.0
1.0000000000000002
1.0
1.0
1.0000000000000002
1.0000000000000002
0.9999999999999999
1.0
0.9999999999999999
1.0000000000000002
1.0000000000000002
0.9999999999999999
1.0000000000000002
1.0000000000000002
0.9999999999999999
1.0000000000000002
1.0
0.9999999999999999
1.0
0.9999999999999997
1.0000000000000002
1.0
1.0
1.0000000000000004
0.9999999999999999
1.0
1.0
1.0
1.0
0.9999999999999998
0.9999999999999999
1.0000000000000002
1.0
1.0000000000000002
0.9999999999999999
1.0000000000000002
0.9411764705882345
1.0000000000000002
1.0
0.9999999999999998
1.0
1.0
1.0000000000000002
1.0
1.0000000000000002
0.9787228814154318
1.0000000000000002
1.0
0.9974825681427145
1.0000000000000002
1.0
1.0
0.9999999999999999
1.0
1.0000000000000002
1.0
1.0000000000000002
1.0
0.9999999999999999
1.0
1.0
1.0000000000000002
1.0000000000000002
1.0
1.0
1.0
0.9999999999999999
0.9999999999999998
1.0000000000000002
1.0000000000000002
0.994796573565434
1.0
0.9999999999999999
0.9999999999999998
0.9999999999999998
0.9999999999999999
1.0000000000000002
1.0
0.9999999999999999
0.9999999999999998
1.0
0.9999999999999999
1.0000000000000024
0.9999999999999999
1.0000000000000062
1.0
1.0
1.0
0.9999999999999998
1.0000000000000002
1.0
0.9999999999999999
1.0
1.0000000000000002
1.0
1.0
0.9999992373055223
1.0
1.0
1.0000000000000002
1.0000000000000002
1.0000000000000002
1.0000000000000002
0.9999999999999999
1.0000000000000002
1.0
1.0000000000000002
0.9999999999999999
1.0
0.9999999999999999
0.9999999999999998
1.0
0.9999999999999997
0.9999999999999999
1.0000000000000002
1.0
0.9999999999999999
1.0000000000000002
0.9999999999999997
0.9999999999999999
0.9859598630989422
1.0
1.0
0.9999999999999998
1.0
1.0
0.9999993217860625
0.9999999999999998
1.0
1.0
0.9999999999999999
1.0000000000000002
0.9999999999999999
1.0000000000000022
