0.002743959426879883
0.002458333969116211
0.0025131702423095703
0.002501964569091797
0.002400636672973633
0.0024459362030029297
0.004826784133911133
0.003176450729370117
0.005376100540161133
0.0022661685943603516
0.004656314849853516
0.002244710922241211
0.005030155181884766
0.0022988319396972656
0.004739522933959961
0.002508401870727539
0.003869295120239258
0.002341032028198242
0.005445003509521484
0.0024569034576416016
0.003858804702758789
0.0247039794921875
0.02510809898376465
0.02313852310180664
0.006325244903564453
0.0025746822357177734
0.0025377273559570312
0.0025153160095214844
0.0046689510345458984
0.0024666786193847656
0.004404544830322266
0.0025582313537597656
0.00356292724609375
0.0023386478424072266
0.004511833190917969
0.002451181411743164
0.0022978782653808594
0.0026204586029052734
0.00465083122253418
0.0025787353515625
0.02169346809387207
0.004514455795288086
0.002451658248901367
0.002460479736328125
0.0022907257080078125
0.0027463436126708984
0.0024509429931640625
0.005052089691162109
0.004458904266357422
0.0025687217712402344
0.0030994415283203125
0.003313779830932617
0.0023174285888671875
0.0031867027282714844
0.0023317337036132812
0.0024459362030029297
0.0030677318572998047
0.0033905506134033203
0.003385305404663086
0.003421306610107422
0.0030739307403564453
0.0022461414337158203
0.003142833709716797
0.002370119094848633
0.0032765865325927734
0.0024259090423583984
0.0023276805877685547
0.0023097991943359375
0.003230571746826172
0.00434112548828125
0.002283334732055664
0.0037355422973632812
0.0033693313598632812
0.0024852752685546875
0.0023221969604492188
0.004942893981933594
0.002604246139526367
0.0023031234741210938
0.002297639846801758
0.004155397415161133
0.022863149642944336
0.007186174392700195
0.002815723419189453
0.0039157867431640625
0.0027463436126708984
0.0024750232696533203
0.005288600921630859
0.004143238067626953
0.0214083194732666
0.00642704963684082
0.002492666244506836
0.004906415939331055
0.004441261291503906
0.0023093223571777344
0.002231121063232422
0.0023055076599121094
0.002329111099243164
0.004328727722167969
0.0037446022033691406
0.0022733211517333984
0.0031151771545410156
0.0023546218872070312
0.003101348876953125
0.004503965377807617
0.0023314952850341797
0.022768735885620117
0.023648738861083984
0.0056247711181640625
0.02334904670715332
0.004457712173461914
0.021544456481933594
0.004927635192871094
0.004468679428100586
0.0025284290313720703
0.02243328094482422
0.021442890167236328
0.0059719085693359375
0.024348974227905273
0.022464275360107422
0.005415201187133789
0.02174091339111328
0.0025436878204345703
0.025018930435180664
0.0027513504028320312
0.004700899124145508
0.0023436546325683594
0.003014087677001953
0.003227710723876953
0.02232074737548828
0.0056307315826416016
0.004226207733154297
0.0030341148376464844
0.0031630992889404297
0.0022666454315185547
0.0022041797637939453
0.024041414260864258
0.006939888000488281
0.002498626708984375
0.0051801204681396484
0.0022957324981689453
0.0031294822692871094
0.0030341148376464844
0.002390146255493164
0.0023915767669677734
0.002382993698120117
0.0023500919342041016
0.004774570465087891
0.003976583480834961
0.0033113956451416016
0.0031452178955078125
0.002348184585571289
0.0024292469024658203
0.002371072769165039
0.004909992218017578
0.0023450851440429688
0.0047533512115478516
0.002412557601928711
0.0025262832641601562
0.005448818206787109
0.004932880401611328
0.0036017894744873047
0.0023899078369140625
0.0046312808990478516
0.005204916000366211
0.002331972122192383
0.0037386417388916016
0.0022306442260742188
0.003276348114013672
0.003141164779663086
0.0022897720336914062
0.0031321048736572266
0.0031669139862060547
0.0022063255310058594
0.0032775402069091797
0.003446817398071289
0.0022983551025390625
0.0022957324981689453
0.004133462905883789
0.0024690628051757812
0.004162311553955078
0.002987384796142578
0.002207040786743164
0.0030059814453125
0.018883705139160156
0.0045108795166015625
0.00241851806640625
0.0023593902587890625
0.002373218536376953
0.0033805370330810547
0.002521514892578125
0.00506901741027832
0.003253936767578125
0.0033826828002929688
0.0033164024353027344
0.0024869441986083984
0.002256631851196289
0.0031516551971435547
0.00228118896484375
0.0046656131744384766
0.0024232864379882812
0.002367258071899414
0.0032262802124023438
0.0022699832916259766
0.0025556087493896484
0.0044443607330322266
0.0025682449340820312
0.002415895462036133
0.002463817596435547
0.0022182464599609375
0.0044629573822021484
0.0048236846923828125
0.0032072067260742188
0.0031137466430664062
0.002277851104736328
0.002320528030395508
0.0024373531341552734
0.004520416259765625
0.004384517669677734
0.002379179000854492
0.0023636817932128906
0.003123760223388672
0.0031952857971191406
0.004609107971191406
0.002542734146118164
0.004717826843261719
0.002393007278442383
0.004178762435913086
0.005136251449584961
0.021502971649169922
0.024796247482299805
0.004694938659667969
0.0024743080139160156
0.0043182373046875
0.004274129867553711
0.00446319580078125
0.0022280216217041016
0.0031545162200927734
0.002348184585571289
0.002317190170288086
0.004030466079711914
0.003446817398071289
0.019889354705810547
0.0024378299713134766
0.0023097991943359375
0.0023598670959472656
0.004340171813964844
0.003864288330078125
0.003245830535888672
0.0022487640380859375
0.002351045608520508
0.0022377967834472656
0.002328157424926758
0.0032782554626464844
0.0038771629333496094
0.003662109375
0.0023365020751953125
0.0033905506134033203
0.003481149673461914
0.002436399459838867
0.002382993698120117
0.002288341522216797
0.0037953853607177734
0.0034093856811523438
0.0033512115478515625
0.0029764175415039062
0.0032367706298828125
0.002992868423461914
0.003467082977294922
0.0032587051391601562
0.0023403167724609375
0.0031638145446777344
0.0032775402069091797
0.0039594173431396484
0.0032529830932617188
0.02202630043029785
0.005480051040649414
0.006554126739501953
0.004793882369995117
0.004345893859863281
0.022027015686035156
0.00252532958984375
0.0024764537811279297
0.002399444580078125
0.0024611949920654297
0.002349853515625
0.004686117172241211
0.01960015296936035
0.0024695396423339844
0.0024161338806152344
0.004339456558227539
0.0024213790893554688
0.002405405044555664
0.0034143924713134766
0.003024578094482422
0.0022652149200439453
0.0032401084899902344
0.0024220943450927734
0.0038895606994628906
0.0039615631103515625
0.0032966136932373047
0.0022804737091064453
0.0031020641326904297
0.002294778823852539
0.0022935867309570312
0.002463102340698242
0.0043795108795166016
0.005612611770629883
0.003438711166381836
0.0048007965087890625
0.002379179000854492
0.0024793148040771484
0.0047605037689208984
0.004029989242553711
0.003469705581665039
0.0024251937866210938
0.004235267639160156
0.004080772399902344
0.002335071563720703
0.0024793148040771484
0.004296779632568359
0.002427816390991211
0.0033164024353027344
0.024519920349121094
0.002506732940673828
0.0044155120849609375
0.004284858703613281
0.0023539066314697266
0.0022568702697753906
0.004466056823730469
0.0032613277435302734
0.0043792724609375
0.004240274429321289
0.0022742748260498047
0.003370523452758789
0.004609107971191406
0.004125833511352539
0.002393484115600586
0.0024170875549316406
0.0023119449615478516
0.004751443862915039
0.0023720264434814453
0.0024394989013671875
0.002482175827026367
0.0042095184326171875
0.004327297210693359
0.003534555435180664
0.004772663116455078
0.005102396011352539
0.0025453567504882812
0.0032567977905273438
0.0024385452270507812
0.004788875579833984
0.00462031364440918
0.003187894821166992
0.0024709701538085938
0.0024595260620117188
0.0024530887603759766
0.004719972610473633
0.0041620731353759766
0.0023784637451171875
0.023563146591186523
0.0032324790954589844
0.0032110214233398438
0.02140498161315918
0.007553815841674805
0.005551815032958984
0.002309560775756836
0.004069089889526367
0.005126476287841797
0.024577617645263672
0.004984378814697266
0.004332065582275391
0.0025682449340820312
0.002494335174560547
0.0024831295013427734
0.0026705265045166016
0.026384592056274414
0.020390748977661133
0.0035257339477539062
0.0024344921112060547
0.00419306755065918
0.004372835159301758
0.002812623977661133
0.002360820770263672
0.0023665428161621094
0.00462794303894043
0.004327058792114258
0.00390625
0.0032095909118652344
0.002237558364868164
0.0023038387298583984
0.00238037109375
0.0029926300048828125
0.0022881031036376953
0.0046803951263427734
0.0045545101165771484
0.00541996955871582
0.004245281219482422
0.002445697784423828
0.0024785995483398438
0.0046863555908203125
0.0023136138916015625
0.0030908584594726562
0.0023345947265625
0.023061275482177734
0.0055119991302490234
0.0066661834716796875
0.004438161849975586
0.005033254623413086
0.003197908401489258
0.0033130645751953125
0.0030333995819091797
0.002298593521118164
0.0041658878326416016
0.0023679733276367188
0.0038633346557617188
0.003566265106201172
0.0025136470794677734
0.0026035308837890625
0.002719402313232422
0.002328157424926758
0.004571199417114258
0.00237274169921875
0.00441431999206543
0.003162860870361328
0.002426624298095703
0.004285097122192383
0.003975391387939453
0.00504755973815918
0.0033087730407714844
0.003070354461669922
0.002285003662109375
0.003244638442993164
0.004149913787841797
0.0039026737213134766
0.0023250579833984375
0.002344846725463867
0.002378702163696289
0.0024805068969726562
0.004510402679443359
0.005364656448364258
0.003587007522583008
0.002349376678466797
0.0022270679473876953
0.002366781234741211
0.022725343704223633
0.002470254898071289
0.024085044860839844
0.005046367645263672
0.0025169849395751953
0.002532958984375
0.002573728561401367
0.002499103546142578
0.002347707748413086
0.0036864280700683594
0.002438068389892578
0.004480123519897461
0.0042421817779541016
0.020961761474609375
0.004373073577880859
0.0025472640991210938
0.0024347305297851562
0.0023453235626220703
0.003908872604370117
0.002295255661010742
0.0023696422576904297
0.0033664703369140625
0.00442051887512207
0.002489805221557617
0.0024003982543945312
0.0025196075439453125
0.0023632049560546875
0.0023517608642578125
0.0026395320892333984
0.0024209022521972656
0.00235748291015625
0.004630327224731445
0.002418994903564453
0.0024967193603515625
0.00445866584777832
0.0024597644805908203
0.002288818359375
0.0024695396423339844
0.004933357238769531
0.002338886260986328
0.003241300582885742
0.0036771297454833984
0.0023810863494873047
0.0034956932067871094
0.0024726390838623047
0.003286600112915039
0.004415988922119141
0.0024051666259765625
0.004052400588989258
0.002351999282836914
0.002402782440185547
0.003854990005493164
0.0026216506958007812
0.004206418991088867
0.0034608840942382812
0.0038411617279052734
0.0024406909942626953
0.003727436065673828
0.002786397933959961
0.0034132003784179688
0.0033762454986572266
0.002373933792114258
0.002529144287109375
0.0023620128631591797
0.0039331912994384766
0.004289388656616211
0.0032193660736083984
0.020650386810302734
0.020802974700927734
0.026793241500854492
0.004457712173461914
0.005196571350097656
0.0025289058685302734
0.005091190338134766
0.004564762115478516
0.003969430923461914
0.002520322799682617
0.0024614334106445312
0.0054264068603515625
0.00505518913269043
0.002538919448852539
0.004956483840942383
0.019566059112548828
0.022939682006835938
0.004201173782348633
0.004344940185546875
0.002507448196411133
0.004796743392944336
0.003124237060546875
0.0023691654205322266
0.003083467483520508
0.0022742748260498047
0.0031213760375976562
0.005243778228759766
0.0037240982055664062
0.0038633346557617188
0.025366783142089844
0.006450653076171875
0.0024323463439941406
0.00445866584777832
0.005150794982910156
0.0033807754516601562
0.0025300979614257812
0.0034530162811279297
0.002269268035888672
0.024530410766601562
0.0025475025177001953
0.0024480819702148438
0.004760265350341797
0.0030641555786132812
0.0032777786254882812
0.002443075180053711
0.00228118896484375
0.00232696533203125
0.0031964778900146484
0.0023238658905029297
0.0039031505584716797
0.0050296783447265625
0.0024025440216064453
0.0030765533447265625
0.0031909942626953125
0.0030443668365478516
0.020612001419067383
0.002667665481567383
0.0024428367614746094
0.003887176513671875
0.0023424625396728516
0.020893335342407227
0.004521846771240234
0.004969358444213867
0.0024309158325195312
0.0033257007598876953
0.0023300647735595703
0.002371549606323242
0.021100759506225586
0.004686832427978516
0.002560138702392578
0.00494694709777832
0.002585172653198242
0.0042724609375
0.003720521926879883
0.003195524215698242
0.003341197967529297
0.022086381912231445
0.0048236846923828125
0.0062367916107177734
0.0023260116577148438
0.0022776126861572266
0.0023610591888427734
0.0031626224517822266
0.004172563552856445
0.004484891891479492
0.002297639846801758
0.0024187564849853516
0.0023207664489746094
0.004724979400634766
0.003210783004760742
0.002406597137451172
0.003187417984008789
0.003423452377319336
0.0046384334564208984
0.003191709518432617
0.0034987926483154297
0.0023326873779296875
0.0023348331451416016
0.003123760223388672
0.002363443374633789
0.003876924514770508
0.0043010711669921875
0.003226041793823242
0.0023856163024902344
0.002279520034790039
0.0023338794708251953
0.0038995742797851562
0.004266023635864258
0.026633501052856445
0.003362894058227539
0.003721475601196289
0.002278566360473633
0.003007173538208008
0.0031430721282958984
0.003045320510864258
0.0023348331451416016
0.0030372142791748047
0.0022935867309570312
0.0034677982330322266
0.0023131370544433594
0.0054302215576171875
0.004449605941772461
0.003053426742553711
0.0023021697998046875
0.0033028125762939453
0.002470731735229492
0.004945993423461914
0.003580808639526367
0.0030057430267333984
0.0034117698669433594
0.002376556396484375
0.004935503005981445
0.0052356719970703125
0.0023839473724365234
0.0023224353790283203
0.0022346973419189453
0.0024576187133789062
0.005094289779663086
0.004318714141845703
0.003513813018798828
0.002323150634765625
0.0031273365020751953
0.0028095245361328125
0.003061056137084961
0.025554418563842773
0.004860401153564453
0.0053212642669677734
0.002317667007446289
0.0023508071899414062
0.003204822540283203
0.003275156021118164
0.0041959285736083984
0.00433802604675293
0.0025382041931152344
0.0036237239837646484
0.0030956268310546875
0.0032432079315185547
0.003818511962890625
0.002366781234741211
0.0023894309997558594
0.0036001205444335938
0.0036165714263916016
0.0024652481079101562
0.003195047378540039
0.0034132003784179688
0.003121614456176758
0.0022988319396972656
0.0277707576751709
0.0047571659088134766
0.003159761428833008
0.0023653507232666016
0.0023505687713623047
0.003014087677001953
0.0038175582885742188
0.004368305206298828
0.002329111099243164
0.002406597137451172
0.002390146255493164
0.002560138702392578
0.003941059112548828
0.004737377166748047
0.002340078353881836
0.003160715103149414
0.00247955322265625
0.0037207603454589844
0.00435328483581543
0.02370166778564453
0.004109382629394531
0.004118680953979492
0.002575397491455078
0.00237274169921875
0.0023908615112304688
0.0031452178955078125
0.02599167823791504
0.003462076187133789
0.0024466514587402344
0.0032351016998291016
0.003204822540283203
0.004899263381958008
0.002363920211791992
0.0024280548095703125
0.003571748733520508
0.0023665428161621094
0.0031540393829345703
0.0024552345275878906
0.0023827552795410156
0.003794431686401367
0.004172801971435547
0.0032820701599121094
0.02230691909790039
0.006534576416015625
0.02292323112487793
0.006971836090087891
0.002469778060913086
0.002438783645629883
0.00450587272644043
0.0024046897888183594
0.0023658275604248047
0.003231048583984375
0.021136760711669922
0.003324270248413086
0.002370119094848633
0.0033006668090820312
0.0023992061614990234
0.0024001598358154297
0.003262042999267578
0.0023925304412841797
0.0032300949096679688
0.0028023719787597656
0.0023849010467529297
0.0023183822631835938
0.002505064010620117
0.004748344421386719
0.02189803123474121
0.004845619201660156
0.002233266830444336
0.003098726272583008
0.0030422210693359375
0.0031130313873291016
0.021810293197631836
0.0038688182830810547
0.002432107925415039
0.0024831295013427734
0.019138097763061523
0.00482177734375
0.021529197692871094
0.007925748825073242
0.0027561187744140625
0.0023767948150634766
0.00464320182800293
0.019954204559326172
0.0025081634521484375
0.0023326873779296875
0.0023844242095947266
0.004889965057373047
0.002443552017211914
0.003215789794921875
0.00229644775390625
0.0031723976135253906
0.002418041229248047
0.002366781234741211
0.0023262500762939453
0.0024368762969970703
0.0024230480194091797
0.0045299530029296875
0.0032956600189208984
0.02405524253845215
0.021784543991088867
0.007650136947631836
0.0024976730346679688
0.0033316612243652344
0.0022699832916259766
0.003202199935913086
0.0032036304473876953
0.0024089813232421875
0.003264188766479492
0.00226593017578125
0.003310680389404297
0.0022733211517333984
0.0022957324981689453
0.0030493736267089844
0.0025920867919921875
0.004496574401855469
0.0043108463287353516
0.0024297237396240234
0.002338886260986328
0.0022847652435302734
0.0022644996643066406
0.002421855926513672
0.023384571075439453
0.025459766387939453
0.022921323776245117
0.007529258728027344
0.005469799041748047
0.0026311874389648438
0.005410194396972656
0.0025370121002197266
0.002355813980102539
0.003152132034301758
0.0024213790893554688
0.0023758411407470703
0.004563570022583008
0.003149271011352539
0.0025365352630615234
0.003160715103149414
0.019065141677856445
0.004236459732055664
0.0024161338806152344
0.00435185432434082
0.00341033935546875
0.0029578208923339844
0.024465560913085938
0.004477500915527344
0.0024254322052001953
0.004469156265258789
0.0023276805877685547
0.0023391246795654297
0.0030875205993652344
0.003576517105102539
0.0024099349975585938
0.020936012268066406
0.0024001598358154297
0.002319812774658203
0.0023567676544189453
0.004256486892700195
0.0024557113647460938
0.004229068756103516
0.0023009777069091797
0.0031723976135253906
0.0030975341796875
0.024665117263793945
0.005238533020019531
0.002309560775756836
0.0030791759490966797
0.022904396057128906
0.004149675369262695
0.021507740020751953
0.002597808837890625
0.0023517608642578125
0.002408742904663086
0.002422332763671875
0.00241851806640625
0.0024383068084716797
0.0025348663330078125
0.0023839473724365234
0.004404544830322266
0.002864360809326172
0.007002830505371094
0.0053653717041015625
0.026168346405029297
0.00437164306640625
0.003493070602416992
0.004239320755004883
0.004091978073120117
0.003159761428833008
0.004917621612548828
0.003567218780517578
0.002421855926513672
0.0030875205993652344
0.0032045841217041016
0.0030183792114257812
0.003340482711791992
0.0022826194763183594
0.0031812191009521484
0.0032806396484375
0.00238037109375
0.002323627471923828
0.004171848297119141
0.002447843551635742
0.0034570693969726562
0.004410505294799805
0.0038552284240722656
0.005281209945678711
0.007634639739990234
0.0024271011352539062
0.0023756027221679688
0.00507354736328125
0.0023758411407470703
0.004671573638916016
0.002443075180053711
0.0033266544342041016
0.0031576156616210938
0.002307415008544922
0.003122568130493164
0.003031492233276367
0.0033104419708251953
0.003470897674560547
0.0033326148986816406
0.003095865249633789
0.0033054351806640625
0.0031528472900390625
0.0030236244201660156
0.002356290817260742
0.0031423568725585938
0.004743814468383789
0.0023605823516845703
0.02603459358215332
0.003815889358520508
0.002460479736328125
0.0033559799194335938
0.002460002899169922
0.004750967025756836
0.0023550987243652344
0.00247955322265625
0.004160404205322266
0.002384662628173828
0.0024213790893554688
0.002377748489379883
0.004028797149658203
0.004250288009643555
0.002475261688232422
0.002339601516723633
0.0024209022521972656
0.0023047924041748047
0.0033855438232421875
0.02752065658569336
0.002567291259765625
0.005334615707397461
0.0023064613342285156
0.0033354759216308594
0.002359628677368164
0.005341291427612305
0.002638101577758789
0.004979133605957031
0.005036115646362305
0.0049419403076171875
0.00238800048828125
0.0041332244873046875
0.0023877620697021484
0.0024247169494628906
0.0023064613342285156
0.0033659934997558594
0.003884553909301758
0.0023698806762695312
0.0024061203002929688
0.002285480499267578
0.0023758411407470703
0.002277374267578125
0.002401590347290039
0.0024137496948242188
0.0024061203002929688
0.002384185791015625
0.003977060317993164
0.0024497509002685547
0.0038461685180664062
0.004199981689453125
0.004170894622802734
0.0023822784423828125
0.0024728775024414062
0.0033004283905029297
0.0030829906463623047
0.002522706985473633
0.004181861877441406
0.002347230911254883
0.0032749176025390625
0.0023927688598632812
0.005608797073364258
0.004546403884887695
0.022577524185180664
0.0024251937866210938
0.0038292407989501953
0.004523038864135742
0.0023670196533203125
0.002403736114501953
0.003323078155517578
0.003099203109741211
0.0043032169342041016
0.004672527313232422
0.0032384395599365234
0.0022916793823242188
0.003423929214477539
0.0031135082244873047
0.0031790733337402344
0.0024302005767822266
0.0024743080139160156
0.004542350769042969
0.003252267837524414
0.002488374710083008
0.002444744110107422
0.004550933837890625
0.0052394866943359375
0.002351522445678711
0.002461671829223633
0.002287149429321289
0.027859210968017578
0.0037190914154052734
0.004452705383300781
0.00261688232421875
0.0023903846740722656
0.005203962326049805
0.002406597137451172
0.002453327178955078
0.003551959991455078
0.0030410289764404297
0.0023615360260009766
0.0031981468200683594
0.023149728775024414
0.02072429656982422
0.003622293472290039
0.002512693405151367
0.0023708343505859375
0.026505708694458008
0.0043337345123291016
0.026417016983032227
0.007192373275756836
0.0036156177520751953
0.029912471771240234
0.02620673179626465
0.005425214767456055
0.005558490753173828
0.0026061534881591797
0.002417325973510742
0.0026340484619140625
0.002435445785522461
0.0045011043548583984
0.002499818801879883
0.0025119781494140625
0.0024871826171875
0.002427339553833008
0.0033881664276123047
0.005038261413574219
0.02841925621032715
0.004826784133911133
0.004594087600708008
0.0024585723876953125
0.003459930419921875
0.0031592845916748047
0.002429962158203125
0.003904104232788086
0.004853487014770508
0.003966331481933594
0.004877567291259766
0.002435445785522461
0.0033202171325683594
0.0031669139862060547
0.0023839473724365234
0.0025064945220947266
0.0035223960876464844
0.0023927688598632812
0.0023834705352783203
0.0023827552795410156
0.0034127235412597656
0.0024569034576416016
0.004896402359008789
0.004786252975463867
0.0037457942962646484
0.0032019615173339844
0.0023887157440185547
0.004208803176879883
0.003198385238647461
0.00424504280090332
0.002408742904663086
0.0025420188903808594
0.020955801010131836
0.002683877944946289
0.002539396286010742
0.0023615360260009766
0.002572774887084961
0.002602100372314453
0.004628419876098633
0.027497291564941406
0.026276588439941406
0.0063402652740478516
0.028226613998413086
0.0026640892028808594
0.022220611572265625
0.024571657180786133
0.023377418518066406
0.02213764190673828
0.0037224292755126953
0.0025153160095214844
0.002492189407348633
0.004948854446411133
0.0023992061614990234
0.0033600330352783203
0.02848029136657715
0.027481794357299805
0.0052471160888671875
0.002481222152709961
0.0024957656860351562
0.002387523651123047
0.003831624984741211
0.0024826526641845703
0.024567127227783203
0.023485660552978516
0.02173137664794922
0.0057525634765625
0.004595279693603516
0.002587556838989258
0.002415180206298828
0.0024437904357910156
0.0024263858795166016
0.0024280548095703125
0.003901958465576172
0.0024857521057128906
0.0038242340087890625
0.027307748794555664
0.0050811767578125
0.00442957878112793
0.0024514198303222656
0.0237119197845459
0.027511119842529297
0.0027217864990234375
0.0023908615112304688
0.0036072731018066406
0.0038633346557617188
0.0024628639221191406
0.002462148666381836
0.002985239028930664
0.002363443374633789
0.0032165050506591797
0.0034165382385253906
0.0034787654876708984
0.0024290084838867188
0.0024514198303222656
0.0050313472747802734
0.0023806095123291016
0.002404928207397461
0.0042760372161865234
0.002472400665283203
0.002347707748413086
0.0024232864379882812
0.0025708675384521484
0.002467632293701172
0.0024013519287109375
0.004911661148071289
0.0025055408477783203
0.004262447357177734
0.0023543834686279297
0.002407073974609375
0.0042743682861328125
0.0023632049560546875
0.004193782806396484
0.003726959228515625
0.0033180713653564453
0.002344846725463867
0.02438497543334961
0.022655010223388672
0.0026121139526367188
0.0026252269744873047
0.004687070846557617
0.002532958984375
0.0033674240112304688
0.0024955272674560547
0.0032501220703125
0.02757573127746582
0.0025289058685302734
0.002357959747314453
0.00393223762512207
0.003269195556640625
0.00330352783203125
0.003135204315185547
0.002357959747314453
0.003847360610961914
0.0032308101654052734
0.0048675537109375
0.0025076866149902344
0.0026946067810058594
0.0049724578857421875
0.00536346435546875
0.003194570541381836
0.0031075477600097656
0.0023164749145507812
0.003172636032104492
0.0022835731506347656
0.004529237747192383
0.0024340152740478516
0.0024025440216064453
0.0033299922943115234
0.022510528564453125
0.007558345794677734
0.004082918167114258
0.0033330917358398438
0.002469301223754883
0.0023491382598876953
0.004819631576538086
0.02433156967163086
0.026859283447265625
0.004846811294555664
0.004208087921142578
0.004571676254272461
0.0025186538696289062
0.004657745361328125
0.004390239715576172
0.0032067298889160156
0.003594636917114258
0.024202346801757812
0.004826784133911133
0.0025768280029296875
0.0053331851959228516
0.0043582916259765625
0.003073453903198242
0.003308534622192383
0.002374887466430664
0.0030722618103027344
0.0037653446197509766
0.003711223602294922
0.0023300647735595703
0.002297639846801758
0.0022878646850585938
0.002395153045654297
0.002325296401977539
0.0024216175079345703
0.002458333969116211
0.002400636672973633
0.0040340423583984375
0.025406360626220703
0.020868301391601562
0.006536722183227539
0.0037336349487304688
0.002302408218383789
0.002342700958251953
0.0263516902923584
0.004851341247558594
0.0030603408813476562
0.005431175231933594
0.002385854721069336
0.0023796558380126953
0.0034286975860595703
0.0032427310943603516
0.002283334732055664
0.025484561920166016
0.006727933883666992
0.0024771690368652344
0.0023393630981445312
0.0024275779724121094
0.004117012023925781
0.003249645233154297
0.0023474693298339844
0.0023140907287597656
0.0033416748046875
0.020594120025634766
0.005313396453857422
0.006340742111206055
0.019279956817626953
0.0026428699493408203
0.004338264465332031
0.0025458335876464844
0.002420186996459961
0.0032699108123779297
0.002298116683959961
0.002401113510131836
0.002388477325439453
0.00328826904296875
0.0025157928466796875
0.004983663558959961
0.004661083221435547
0.0026443004608154297
0.005097627639770508
0.004525423049926758
0.002393007278442383
0.0032262802124023438
0.002352476119995117
0.0023317337036132812
0.0040187835693359375
0.0024461746215820312
0.002546548843383789
0.002323150634765625
0.0035278797149658203
0.003469705581665039
0.0034461021423339844
0.003227710723876953
0.0053730010986328125
0.003300189971923828
0.0031528472900390625
0.0043909549713134766
0.005724430084228516
0.021311283111572266
0.006514310836791992
0.023347139358520508
0.02518606185913086
0.004275321960449219
0.0055446624755859375
0.002455472946166992
0.003604412078857422
0.0025916099548339844
0.003156900405883789
0.0047130584716796875
0.004189252853393555
0.0031332969665527344
0.0026445388793945312
0.002462148666381836
0.002391815185546875
0.004135608673095703
0.002378702163696289
0.004166603088378906
0.0023610591888427734
0.003557443618774414
0.0030298233032226562
0.021090030670166016
0.0024652481079101562
0.0024039745330810547
0.003062725067138672
0.002371072769165039
0.0034637451171875
0.002356290817260742
0.002493619918823242
0.004197359085083008
0.0032896995544433594
0.019621849060058594
0.002481222152709961
0.0024018287658691406
0.0024404525756835938
0.004130840301513672
0.00402379035949707
0.003374338150024414
0.0036144256591796875
0.0038557052612304688
0.0023403167724609375
0.002402782440185547
0.0031280517578125
0.0032088756561279297
0.0224764347076416
0.0025250911712646484
0.02212047576904297
0.005280017852783203
0.003119945526123047
0.005139589309692383
0.005304574966430664
0.0024695396423339844
0.0023970603942871094
0.003206014633178711
0.004507303237915039
0.0024220943450927734
0.004639863967895508
0.002611398696899414
0.002454996109008789
0.004830121994018555
0.0023343563079833984
0.0032320022583007812
0.0024678707122802734
0.002454042434692383
0.002475738525390625
0.002393484115600586
0.0023653507232666016
0.002339601516723633
0.025301218032836914
0.005353450775146484
0.0033245086669921875
0.0023200511932373047
0.02477407455444336
0.006363868713378906
0.002521038055419922
0.02115631103515625
0.0072100162506103516
0.0038683414459228516
0.004739522933959961
0.004389524459838867
0.0024912357330322266
0.003208160400390625
0.021704673767089844
0.0026063919067382812
0.004846334457397461
0.0025463104248046875
0.003401041030883789
0.002408266067504883
0.022643566131591797
0.006738424301147461
0.00257110595703125
0.019827842712402344
0.0025467872619628906
0.004960775375366211
0.004850149154663086
0.0025277137756347656
0.0025997161865234375
0.004159450531005859
0.005185127258300781
0.0028145313262939453
0.002391338348388672
0.002302885055541992
0.005315065383911133
0.023383617401123047
0.007387638092041016
0.02528977394104004
0.004724979400634766
0.0032706260681152344
0.003274679183959961
0.0023975372314453125
0.004383087158203125
0.0047779083251953125
0.003303050994873047
0.002417325973510742
0.004120826721191406
0.004273176193237305
0.0023796558380126953
0.003208637237548828
0.002521038055419922
0.003065347671508789
0.002531766891479492
0.002328157424926758
0.0024378299713134766
0.002348661422729492
0.003867626190185547
0.002446413040161133
0.0023603439331054688
0.0030782222747802734
0.002444028854370117
0.0034961700439453125
0.003863811492919922
0.02153325080871582
0.02518010139465332
0.002503633499145508
0.022641658782958984
0.0045855045318603516
0.003203868865966797
0.0025072097778320312
0.002456188201904297
0.0032300949096679688
0.004907846450805664
0.0024285316467285156
0.003253459930419922
0.002361297607421875
0.002965688705444336
0.003824472427368164
0.0031185150146484375
0.0023927688598632812
0.0023221969604492188
0.002408266067504883
0.0031948089599609375
0.0046083927154541016
0.00432586669921875
0.002337932586669922
0.00234222412109375
0.002393484115600586
0.019198894500732422
0.0025131702423095703
0.004884481430053711
0.002381563186645508
0.024164676666259766
0.02554488182067871
0.004900217056274414
0.0026044845581054688
0.02321624755859375
0.02265763282775879
0.005864143371582031
0.004299640655517578
0.004457712173461914
0.0025300979614257812
0.0024726390838623047
0.004292011260986328
0.0036842823028564453
0.0045621395111083984
0.002383708953857422
0.004455089569091797
0.0023865699768066406
0.0037920475006103516
0.0033788681030273438
0.002424955368041992
0.0024254322052001953
0.004765987396240234
0.0024695396423339844
0.022219419479370117
0.004835605621337891
0.002658843994140625
0.0043523311614990234
0.0023064613342285156
0.002478361129760742
0.00238800048828125
0.0023453235626220703
0.002392292022705078
0.003995180130004883
0.004251718521118164
0.0032739639282226562
0.002757549285888672
0.0023789405822753906
0.003064393997192383
0.002418994903564453
0.0030503273010253906
0.00424647331237793
0.002327442169189453
0.002319812774658203
0.0034792423248291016
0.0024595260620117188
0.0036764144897460938
0.002621173858642578
0.0025110244750976562
0.003259897232055664
0.003473520278930664
0.0022916793823242188
0.00489044189453125
0.004904270172119141
0.003365039825439453
0.0023751258850097656
0.004845142364501953
0.005565643310546875
0.019985437393188477
0.002489805221557617
0.0051021575927734375
0.0024666786193847656
0.0023653507232666016
0.003131389617919922
0.002660512924194336
0.005045413970947266
0.004957914352416992
0.0031921863555908203
0.02422499656677246
0.0053179264068603516
0.0025413036346435547
0.005252361297607422
0.002561807632446289
0.0039899349212646484
0.0023555755615234375
0.003688335418701172
0.0031919479370117188
0.0031960010528564453
0.0035092830657958984
0.0035784244537353516
0.0037157535552978516
0.0036783218383789062
0.00238800048828125
0.003498077392578125
0.003706693649291992
0.002522706985473633
0.0052416324615478516
0.0023849010467529297
0.002558469772338867
0.004830121994018555
0.0024042129516601562
0.0032300949096679688
0.0025942325592041016
0.0037221908569335938
0.0024368762969970703
0.002422332763671875
0.003237009048461914
0.0024328231811523438
0.004388570785522461
0.0024404525756835938
0.002527475357055664
0.0026388168334960938
0.0031824111938476562
0.004154682159423828
0.0039560794830322266
0.0032045841217041016
0.0032045841217041016
0.003457784652709961
0.002529621124267578
0.0025963783264160156
0.0037775039672851562
0.02258133888244629
0.007377147674560547
0.004629373550415039
0.006212949752807617
0.003583192825317383
0.0035266876220703125
0.0046422481536865234
0.0031404495239257812
0.0023796558380126953
0.002334117889404297
0.0042476654052734375
0.002485990524291992
0.022193193435668945
0.02119588851928711
0.0064160823822021484
0.00240325927734375
0.003176450729370117
0.0023429393768310547
0.0036318302154541016
0.002415180206298828
0.0024535655975341797
0.005148887634277344
0.004088878631591797
0.003458261489868164
0.003277301788330078
0.022491931915283203
0.022096633911132812
0.006978273391723633
0.002581357955932617
0.004782915115356445
0.002290010452270508
0.0024788379669189453
0.004715442657470703
0.003754854202270508
0.002376079559326172
0.0031783580780029297
0.02448892593383789
0.004531383514404297
0.0023641586303710938
0.0024747848510742188
0.0022890567779541016
0.003412008285522461
0.0034589767456054688
0.0031249523162841797
0.0030617713928222656
0.0023140907287597656
0.002462148666381836
0.0043947696685791016
0.003712892532348633
0.019962787628173828
0.004724979400634766
0.021568775177001953
0.0052144527435302734
0.002391815185546875
0.003554821014404297
0.0034570693969726562
0.003128528594970703
0.0024619102478027344
0.0023658275604248047
0.0023174285888671875
0.0040967464447021484
0.004238128662109375
0.023099184036254883
0.0026099681854248047
0.0023872852325439453
0.004686117172241211
0.0023682117462158203
0.003227710723876953
0.0023810863494873047
0.0024268627166748047
0.023186445236206055
0.005532026290893555
0.003423452377319336
0.002369403839111328
0.003050565719604492
0.0035097599029541016
0.0038099288940429688
0.003572702407836914
0.0023953914642333984
0.0025300979614257812
0.002466440200805664
0.0046710968017578125
0.0024042129516601562
0.0023920536041259766
0.0024039745330810547
0.0033257007598876953
0.002295255661010742
0.0031125545501708984
0.003442525863647461
0.003434896469116211
0.002416372299194336
0.003149271011352539
0.0034987926483154297
0.022764205932617188
0.002730846405029297
0.002517223358154297
0.002450704574584961
0.0024809837341308594
0.004353761672973633
0.004291534423828125
0.002319812774658203
0.0023255348205566406
0.0024259090423583984
0.0030851364135742188
0.021506786346435547
0.022948265075683594
0.003915309906005859
0.006032466888427734
0.0026307106018066406
0.0026040077209472656
0.0025246143341064453
0.004097700119018555
0.002590656280517578
0.0024557113647460938
0.0023665428161621094
0.0024080276489257812
0.004148006439208984
0.0043294429779052734
0.0024940967559814453
0.0022912025451660156
0.00319671630859375
0.0034079551696777344
0.002458810806274414
0.002389669418334961
0.004060983657836914
0.0027561187744140625
0.0034439563751220703
0.022655963897705078
0.0025200843811035156
0.0024738311767578125
0.0025899410247802734
0.002593994140625
0.004599332809448242
0.0024988651275634766
0.0023975372314453125
0.0030622482299804688
0.0032486915588378906
0.002397775650024414
0.002355337142944336
0.0026040077209472656
0.004022359848022461
0.005478382110595703
0.004613399505615234
0.0025954246520996094
0.0025305747985839844
0.0025472640991210938
0.0034630298614501953
0.002471446990966797
0.02142167091369629
0.005623817443847656
0.00405430793762207
0.0023436546325683594
0.002981901168823242
0.0023870468139648438
0.0033707618713378906
0.0030684471130371094
0.002376556396484375
0.003094911575317383
0.0024487972259521484
0.003512144088745117
0.004526853561401367
0.0023887157440185547
0.005461692810058594
0.003962516784667969
0.0024929046630859375
0.0025238990783691406
0.002432584762573242
0.0032570362091064453
0.004103899002075195
0.0042836666107177734
0.003506183624267578
0.0032088756561279297
0.0032203197479248047
0.0023415088653564453
0.0023910999298095703
0.004792213439941406
0.002527475357055664
0.004950046539306641
0.0046236515045166016
0.002368450164794922
0.002546072006225586
0.004479408264160156
0.0048067569732666016
0.02309894561767578
0.022559165954589844
0.004560708999633789
0.0025942325592041016
0.002298593521118164
0.0033342838287353516
0.004782199859619141
0.004827737808227539
0.004370689392089844
0.002446413040161133
0.0023543834686279297
0.0031845569610595703
0.003387928009033203
0.003487110137939453
0.0023965835571289062
0.002379894256591797
0.0032057762145996094
0.004311084747314453
0.004125356674194336
0.0030939579010009766
0.0024318695068359375
0.0048525333404541016
0.004473447799682617
0.004045009613037109
0.022237062454223633
0.02332448959350586
0.005670785903930664
0.005235195159912109
0.002444028854370117
0.0023856163024902344
0.0023403167724609375
0.0032579898834228516
0.004181861877441406
0.0044209957122802734
0.0023412704467773438
0.004747152328491211
0.0033173561096191406
0.02367115020751953
0.008195877075195312
0.002552509307861328
0.005262613296508789
0.002447366714477539
0.003125905990600586
0.005036830902099609
0.004568576812744141
0.0036983489990234375
0.0023775100708007812
0.002405405044555664
0.0024514198303222656
0.002432584762573242
0.0033402442932128906
0.002521514892578125
0.004544734954833984
0.004380464553833008
0.018899202346801758
0.004563093185424805
0.0026175975799560547
0.004337310791015625
0.021767616271972656
0.023714303970336914
0.005811929702758789
0.0042073726654052734
0.004225969314575195
0.0024449825286865234
0.0025174617767333984
0.0033788681030273438
0.0041713714599609375
0.0033063888549804688
0.002485990524291992
0.0025968551635742188
0.0033528804779052734
0.003129720687866211
0.022751331329345703
0.025731325149536133
0.006285905838012695
0.003138303756713867
0.0024514198303222656
0.020647048950195312
0.003309011459350586
0.0024805068969726562
0.0024323463439941406
0.004238605499267578
0.0024368762969970703
0.003307819366455078
0.0024056434631347656
0.0023221969604492188
0.004437685012817383
0.0024614334106445312
0.002497434616088867
0.002377033233642578
0.0029528141021728516
0.005021810531616211
0.0031075477600097656
0.0032579898834228516
0.0024614334106445312
0.00466156005859375
0.0041522979736328125
0.0023789405822753906
0.002432584762573242
0.002533435821533203
0.005250215530395508
0.005258321762084961
0.002435922622680664
0.002341032028198242
0.002317667007446289
0.0034122467041015625
0.004193305969238281
0.0024836063385009766
0.002599000930786133
0.002406597137451172
0.0025146007537841797
0.0024957656860351562
0.0024971961975097656
0.0031387805938720703
0.002820253372192383
0.005145549774169922
0.004446744918823242
0.0023207664489746094
0.023023366928100586
0.023779630661010742
0.005854129791259766
0.005166769027709961
0.0034332275390625
0.0022759437561035156
0.004392147064208984
0.002418041229248047
0.002428770065307617
0.003078460693359375
0.0030944347381591797
0.004456758499145508
0.0032846927642822266
0.003687143325805664
0.023445844650268555
0.004476070404052734
0.0025587081909179688
0.0022957324981689453
0.0023872852325439453
0.002328634262084961
0.02194690704345703
0.0049495697021484375
0.002527475357055664
0.004497051239013672
0.0027408599853515625
0.028448820114135742
0.021790027618408203
0.0029027462005615234
0.002443552017211914
0.002494335174560547
0.0046694278717041016
0.027085065841674805
0.004391908645629883
0.018746137619018555
0.023406267166137695
0.004390239715576172
0.0029201507568359375
0.004381418228149414
0.004241228103637695
0.002418994903564453
0.0023016929626464844
0.0035941600799560547
0.0033440589904785156
0.002418041229248047
0.0032508373260498047
0.0022699832916259766
0.002261638641357422
0.0031211376190185547
0.0032088756561279297
0.0034508705139160156
0.0022597312927246094
0.0023717880249023438
0.0038878917694091797
0.004498720169067383
0.0025517940521240234
0.0023651123046875
0.0024728775024414062
0.0023665428161621094
0.0033762454986572266
0.02343893051147461
0.00516200065612793
0.0032930374145507812
0.002427816390991211
0.003117799758911133
0.0035605430603027344
0.0024666786193847656
0.0024094581604003906
0.003432750701904297
0.0038390159606933594
0.026302337646484375
0.0054473876953125
0.027185916900634766
0.023911237716674805
0.00556635856628418
0.0053212642669677734
0.006928682327270508
0.0026001930236816406
0.003860950469970703
0.0035445690155029297
0.0024437904357910156
0.024160146713256836
0.027505159378051758
0.025118350982666016
0.02741384506225586
0.02477407455444336
0.027220726013183594
0.005270242691040039
0.003057718276977539
0.0023665428161621094
0.002451658248901367
0.025460243225097656
0.028821945190429688
0.00616145133972168
0.002476215362548828
0.004652976989746094
0.0024662017822265625
0.00438237190246582
0.0023636817932128906
0.00416874885559082
0.0046765804290771484
0.0025560855865478516
0.0023751258850097656
0.0024361610412597656
0.005085468292236328
0.0045773983001708984
0.002668619155883789
0.0023920536041259766
0.0025174617767333984
0.0049970149993896484
0.002480745315551758
0.004922389984130859
0.003337383270263672
0.0023505687713623047
0.0030527114868164062
0.0025615692138671875
0.0032393932342529297
0.004846334457397461
0.003169536590576172
0.003153562545776367
0.002398252487182617
0.002306699752807617
0.002321958541870117
0.0024492740631103516
0.0038428306579589844
0.002336740493774414
0.0023353099822998047
0.0023353099822998047
0.0033376216888427734
0.0044519901275634766
0.002469778060913086
0.003370523452758789
0.0031604766845703125
0.026201248168945312
0.026704072952270508
0.005221843719482422
0.003386974334716797
0.0024271011352539062
0.02647542953491211
0.0025336742401123047
0.0024530887603759766
0.003999233245849609
0.025110721588134766
0.006215810775756836
0.003298521041870117
0.003282308578491211
0.003387451171875
0.00249481201171875
0.0023069381713867188
0.0030183792114257812
0.0032439231872558594
0.0033185482025146484
0.002933502197265625
0.00240325927734375
0.004697084426879883
0.003741025924682617
0.024875640869140625
0.0298769474029541
0.024820566177368164
0.005067586898803711
0.004912137985229492
0.0025615692138671875
0.0024988651275634766
0.0034208297729492188
0.00344085693359375
0.0033028125762939453
0.0024297237396240234
0.0031862258911132812
0.0032949447631835938
0.002892017364501953
0.024001598358154297
0.007334470748901367
0.0045735836029052734
0.00240325927734375
0.002564668655395508
0.0024864673614501953
0.0024309158325195312
0.0030777454376220703
0.027574539184570312
0.0026061534881591797
0.002521038055419922
0.0023496150970458984
0.0025556087493896484
0.004544734954833984
0.0024018287658691406
0.003480672836303711
0.002438783645629883
0.002424478530883789
0.004332065582275391
0.002458810806274414
0.0023462772369384766
0.0030395984649658203
0.003942251205444336
0.003887176513671875
0.0023851394653320312
0.0031189918518066406
0.002368450164794922
0.0024454593658447266
0.002415180206298828
0.004225015640258789
0.0024161338806152344
0.003057241439819336
0.002304553985595703
0.003155946731567383
0.0023610591888427734
0.0053424835205078125
0.004491329193115234
0.0033578872680664062
0.0025539398193359375
0.0027532577514648438
0.003576517105102539
0.004911661148071289
0.002409219741821289
0.002371072769165039
0.022941112518310547
0.005612611770629883
0.0070285797119140625
0.002696514129638672
0.003918170928955078
0.0033483505249023438
0.0052449703216552734
0.004157066345214844
0.003561735153198242
0.0024421215057373047
0.002641916275024414
0.022843122482299805
0.005312919616699219
0.003659963607788086
0.0025866031646728516
0.00480961799621582
0.002579212188720703
0.004055023193359375
0.0033800601959228516
0.0022957324981689453
0.0024394989013671875
0.0024411678314208984
0.0023496150970458984
0.0025260448455810547
0.002420663833618164
0.005236625671386719
0.0023920536041259766
0.0023374557495117188
0.002454996109008789
0.0024521350860595703
0.0024449825286865234
0.004704713821411133
0.0024750232696533203
0.003802061080932617
0.0044803619384765625
0.002780437469482422
0.002499818801879883
0.02062845230102539
0.004492521286010742
0.020105838775634766
0.005604267120361328
0.007013082504272461
0.0024602413177490234
0.0022988319396972656
0.0024988651275634766
0.002292156219482422
0.004076242446899414
0.003443479537963867
0.002359628677368164
0.0031070709228515625
0.023039579391479492
0.006623744964599609
0.003161907196044922
0.004258155822753906
0.004850149154663086
0.002546548843383789
0.004220247268676758
0.004355430603027344
0.002542257308959961
0.0023872852325439453
0.0050466060638427734
0.002589702606201172
0.0025048255920410156
0.020842790603637695
0.0037064552307128906
0.003949642181396484
0.0024194717407226562
0.002272367477416992
0.0030481815338134766
0.00311279296875
0.0025255680084228516
0.004616975784301758
0.002394437789916992
0.004555463790893555
0.004782438278198242
0.0024809837341308594
0.004193544387817383
0.0026597976684570312
0.0025658607482910156
0.0025000572204589844
0.004817962646484375
0.0025169849395751953
0.005109071731567383
0.002521991729736328
0.0030891895294189453
0.002319812774658203
0.004891395568847656
0.0023789405822753906
0.003360748291015625
0.0024423599243164062
0.0024557113647460938
0.0025310516357421875
0.0024650096893310547
0.0038356781005859375
0.0034117698669433594
0.0042841434478759766
0.0032181739807128906
0.0033626556396484375
0.0023152828216552734
0.0023648738861083984
0.021637678146362305
0.0073583126068115234
0.004670143127441406
0.003324270248413086
0.025630474090576172
0.006313800811767578
0.005224704742431641
0.00469517707824707
0.004375934600830078
0.0033731460571289062
0.003126382827758789
0.0023908615112304688
0.0023622512817382812
0.021114110946655273
0.0023572444915771484
0.002418994903564453
0.022435426712036133
0.004622459411621094
0.0029103755950927734
0.0025627613067626953
0.004850625991821289
0.005081653594970703
0.0040171146392822266
0.0024106502532958984
0.002458333969116211
0.020368099212646484
0.005064249038696289
0.004736423492431641
0.002386331558227539
0.0032415390014648438
0.0033762454986572266
0.002388477325439453
0.022461891174316406
0.006595611572265625
0.003995656967163086
0.0033621788024902344
0.0023005008697509766
0.002386808395385742
0.0037779808044433594
0.002516508102416992
0.0024383068084716797
0.004541635513305664
0.003170013427734375
0.0044748783111572266
0.02024674415588379
0.006063938140869141
0.004369497299194336
0.0025849342346191406
0.002558469772338867
0.0023927688598632812
0.0025260448455810547
0.02224874496459961
0.004956722259521484
0.003975868225097656
0.0025501251220703125
0.002342700958251953
0.004855155944824219
0.0025572776794433594
0.0025746822357177734
0.002416849136352539
0.004449367523193359
0.0025043487548828125
0.0034818649291992188
0.003538846969604492
0.002436399459838867
0.0025010108947753906
0.0023450851440429688
0.002432584762573242
0.02510213851928711
0.023420333862304688
0.002652883529663086
0.002624988555908203
0.00243377685546875
0.005073070526123047
0.0024995803833007812
0.002447366714477539
0.0026628971099853516
0.0024776458740234375
0.002510547637939453
0.01984572410583496
0.002644777297973633
0.002444028854370117
0.004765033721923828
0.0026328563690185547
0.005059242248535156
0.00469970703125
0.002447843551635742
0.0024373531341552734
0.023293018341064453
0.005399465560913086
0.0037369728088378906
0.0025818347930908203
0.004957437515258789
0.0024743080139160156
0.004754066467285156
0.003240346908569336
0.0024116039276123047
0.020688295364379883
0.005887746810913086
0.0025985240936279297
0.0023643970489501953
0.002349853515625
0.004168510437011719
0.002446413040161133
0.0023894309997558594
0.0033283233642578125
0.0034329891204833984
0.0024797916412353516
0.002366781234741211
0.0048787593841552734
0.0045642852783203125
0.002634763717651367
0.0023505687713623047
0.004377603530883789
0.002516031265258789
0.0046939849853515625
0.0047342777252197266
0.0024750232696533203
0.002300739288330078
0.0023725032806396484
0.004810810089111328
0.0026183128356933594
0.0025174617767333984
0.002448558807373047
0.0036573410034179688
0.021848201751708984
0.0036411285400390625
0.003777027130126953
0.002442598342895508
0.004519462585449219
0.0025453567504882812
0.004708766937255859
0.00445103645324707
0.0030677318572998047
0.021413326263427734
0.003453969955444336
0.0025873184204101562
0.002407550811767578
0.0042819976806640625
0.0023651123046875
0.0032663345336914062
0.002343416213989258
0.004232883453369141
0.002496480941772461
0.004218101501464844
0.002405881881713867
0.021393775939941406
0.005570650100708008
0.005857706069946289
0.0040705204010009766
0.019476890563964844
0.004944324493408203
0.0024499893188476562
0.004002809524536133
0.0024483203887939453
0.004297733306884766
0.025049209594726562
0.002445220947265625
0.0024776458740234375
0.004301786422729492
0.005221128463745117
0.00251007080078125
0.002315521240234375
0.003019094467163086
0.002345561981201172
0.0031266212463378906
0.0023713111877441406
0.023064136505126953
0.00806283950805664
0.019226789474487305
0.0025773048400878906
0.005136251449584961
0.003129243850708008
0.002310037612915039
0.0023927688598632812
0.022228240966796875
0.0044405460357666016
0.0035729408264160156
0.023958921432495117
0.02548694610595703
0.02468395233154297
0.024425745010375977
0.0075566768646240234
0.0031447410583496094
0.00325775146484375
0.0030450820922851562
0.003463268280029297
0.0043752193450927734
0.002942800521850586
0.002600431442260742
0.0025022029876708984
0.00433802604675293
0.0033140182495117188
0.002462148666381836
0.0035979747772216797
0.0036911964416503906
0.0034389495849609375
0.0023059844970703125
0.0026564598083496094
0.004297733306884766
0.0024073123931884766
0.003358125686645508
0.0035979747772216797
0.025280237197875977
0.002642393112182617
0.0024182796478271484
0.0042934417724609375
0.0025844573974609375
0.004296541213989258
0.0025196075439453125
0.005342721939086914
0.004654407501220703
0.00505828857421875
0.0024895668029785156
0.0034694671630859375
0.004346132278442383
0.004792213439941406
0.0025184154510498047
0.002519369125366211
0.002620697021484375
0.002443075180053711
0.0025284290313720703
0.0024869441986083984
0.0040836334228515625
0.002549409866333008
0.0025548934936523438
0.0038199424743652344
0.0035583972930908203
0.02578282356262207
0.02247142791748047
0.002743959426879883
0.0023941993713378906
0.0032346248626708984
0.0043773651123046875
0.004172801971435547
0.0034415721893310547
0.004906654357910156
0.019182682037353516
0.002471923828125
0.002637147903442383
0.0024781227111816406
0.0024023056030273438
0.004828691482543945
0.004504680633544922
0.0024912357330322266
0.002415180206298828
0.004325151443481445
0.021681547164916992
0.022957563400268555
0.023494958877563477
0.006570100784301758
0.002836465835571289
0.0026831626892089844
0.0024344921112060547
0.0023202896118164062
0.002489805221557617
0.004339933395385742
0.0027513504028320312
0.0023870468139648438
0.004690408706665039
0.003340005874633789
0.002316713333129883
0.0031807422637939453
0.0050885677337646484
0.0025141239166259766
0.0033512115478515625
0.025815248489379883
0.0025262832641601562
0.002589702606201172
0.0041468143463134766
0.004846096038818359
0.002406597137451172
0.002506256103515625
0.0042874813079833984
0.0023713111877441406
0.0032455921173095703
0.004577159881591797
0.004233837127685547
0.002544879913330078
0.004639863967895508
0.004809379577636719
0.002373218536376953
0.0032567977905273438
0.003222942352294922
0.003131389617919922
0.0031800270080566406
0.003628253936767578
0.0036389827728271484
0.003682851791381836
0.0029511451721191406
0.02820730209350586
0.005021095275878906
0.003495931625366211
0.0031681060791015625
0.027508020401000977
0.02257251739501953
0.0052530765533447266
0.0028841495513916016
0.002510547637939453
0.0038115978240966797
0.00412750244140625
0.002400636672973633
0.024357318878173828
0.002557516098022461
0.0024290084838867188
0.0024809837341308594
0.0024080276489257812
0.002441883087158203
0.002385854721069336
0.0023500919342041016
0.005339384078979492
0.004968404769897461
0.0027191638946533203
0.003270864486694336
0.0023517608642578125
0.003286600112915039
0.0031342506408691406
0.0024497509002685547
0.0031185150146484375
0.0023479461669921875
0.0023245811462402344
0.003190279006958008
0.0026023387908935547
0.004428863525390625
0.0024538040161132812
0.0024154186248779297
0.0031447410583496094
0.005064487457275391
0.002398967742919922
0.0023424625396728516
0.0032129287719726562
0.002391815185546875
0.002513408660888672
0.0042345523834228516
