3.624240682497854
4.9448776260287275
4.424577346962269
2.3794354938959286
3.999999668287222
4.725766654579154
3.9999999782715716
5.587341634962601
3.5752106074875885
3.3481332187700996
2.9999998974817
1.8078428943053928
3.032438436498318
3.999999980879097
3.943248370249364
1.4999998709048754
4.845202494818616
1.853011227809841
1.6666665419685367
1.9999999044073034
1.458849642161355
1.4999998968883221
2.057151169181876
3.3489228238875492
3.9999998820196763
1.333333286984026
3.9999999838313576
2.1172360845194587
3.2141154221304418
3.999999759617827
1.4020836810092785
1.7166581847056444
4.845123699682146
3.9999997751483765
4.999999376966586
3.9999999175239043
1.17019015029211
2.3367054143759285
1.5695433116121205
2.5064599680530044
4.580802807777781
1.8712439462754331
1.33333325551957
2.715089815649906
2.168511489202687
4.999999948089268
1.6495916277956375
3.9999995575136524
3.999999634510554
2.0128927536119043
1.9289297390176576
2.6304483259991795
1.8424655371483745
4.180897526643963
3.345711139283078
2.7351678291287795
2.941339199903455
2.1625796752031654
2.626692426901878
4.710428004217865
3.999999438947351
1.4488342947703408
2.420354880971264
2.7689299689964155
1.7444456961815649
3.9999995439414864
2.2881135151138827
4.905769587676474
4.948504438318321
4.093651310689763
2.202582929559836
2.4999999798151604
2.0317776173034936
1.999999846121788
2.18501870743801
1.9986132298633446
4.999999854005985
3.960239048264611
1.5866375823768635
2.9999998522286417
2.1642857733555076
3.4513034897220582
4.598516694298391
1.4527401748384565
2.0469466124437274
3.624726811446135
4.999999536789888
2.273687689645264
1.534652507602259
1.3734051022440459
3.9940099333598376
3.999999928347361
4.249489180654013
4.34712990941938
1.9999999834503375
2.069636421543229
2.043725208263924
4.733382681131673
2.1128246423300667
1.6822875444693193
1.9999999249106435
1.4465198472750334
3.617163909133784
3.873849528074352
3.9970307529023557
1.9999998413664055
3.2653892021841844
4.49567287250681
3.9999997309722253
1.8819827963157627
3.999999820083701
3.684217793609567
2.1224971224763753
1.7093952916844324
1.4999999155156307
4.337896520985942
2.798548369943343
4.204297958061536
3.560222356430755
4.349282027917357
2.09350935045594
3.2898503086276176
2.9899360035689693
2.095694438128969
2.9999998867315605
1.9881676367788386
4.999999736780917
1.9264813249846395
4.7821995411621385
3.6616177380459747
4.2190697652321605
3.99999985493335
4.917533157140951
2.1532036233010112
4.384556434137812
1.9999998216327888
1.7766154190057661
1.3965931212427434
4.09211800914212
1.574358458369306
4.220291321213573
4.122998261866526
1.8593630237538994
1.9297357248805025
3.179432360947059
1.9999997927931352
2.2447934609601954
2.4156092998711034
3.999999813435747
4.59540165626573
1.2499999826053607
2.0141970505396265
2.1826685548387648
1.6666666203761196
1.4531790077245292
1.7674914375902289
3.3760653880525124
1.6371950689692056
1.655263519732614
2.0911187607193593
3.999999766655729
1.8946280945957068
1.5462188779895838
2.9999994549201916
4.011672402183773
3.632365966696395
2.999999702291607
3.9999998278054143
2.999999607543607
2.0310818162266755
1.9999999692521404
3.999999644429861
3.4490205181180436
3.825386706609701
3.9999999488452054
4.999999708193033
4.055918675489204
4.999999773099424
2.073730067102305
2.1062291022853152
2.0012222520613188
2.597647207927891
4.037985950655965
3.9999998994605916
2.234516379713865
3.999999961143717
1.9662577276737403
1.7531432646999423
3.999999666658048
3.9552350245937977
3.6589561050168773
4.999999878082004
3.968385779867393
1.999999847429377
2.288255699499437
3.9999999834710467
2.3100290918747963
3.9999999709819978
2.5034566783307515
1.979801448032455
2.0424874113099682
1.8581068992633718
1.9999998909285628
2.081881128861112
3.4677217411373285
2.000021390966454
1.5766817204536054
1.6666665615139558
1.5809981075971045
2.9999999228849075
3.999999826255823
1.6523102365103792
4.635041071066148
2.1783659886865285
2.4532426761681947
4.999999992932547
5.999999637484405
3.9999998060738142
2.561891614010957
3.9999998775097247
4.893085254000993
1.9041145470534213
4.972818273716738
1.7904657299974158
4.209088253221618
5.1274494584767965
4.43450970150489
4.2620038443484765
2.723585368584312
4.999999857833672
4.9999998263048315
4.46577688999601
3.489274488592445
3.999999973760119
2.2393611843913535
4.906138681806612
2.2328795160272352
1.8506814810740166
3.9999998948080386
3.9999998213637595
2.2850875585385824
3.9999995124071757
2.1538698347959864
3.999999458404839
3.999999520012693
1.9999997510252343
1.9999999784764777
3.999999763298995
4.5814561235138616
1.2871820665018174
1.4999999145232419
4.4816566313030854
2.8594246214907177
2.0298172556908276
3.999999846088626
2.40813920192571
4.955585218943932
2.4030450148915445
2.1194162444075495
2.1336157080845886
4.999999779296521
2.1156227383004373
3.999999997728629
3.9999995971453557
1.5296355690469265
3.9999998175387397
1.9999999606616745
2.128080436988939
3.2413395302436263
2.99999997736879
1.5615105642950338
3.999999797239737
2.1372400224568553
4.344234407488589
2.8674591719925013
1.7504748830369223
2.4999997722596334
2.9859086978700677
2.815999584940867
2.0729444286099104
2.261829008817805
2.041158918024051
3.7603034718739465
2.225354560496325
1.9389160557631637
3.999999576254186
1.823484391807643
1.9365131055209452
2.421925784884669
2.3547569965227333
4.308794723985069
3.999999881010883
3.03470606327971
4.214584119285347
3.646082677167956
4.999999469478287
1.9999997717927218
3.9999997476334936
2.2135623708756653
4.734917477665405
3.9999995969987707
4.999999506051604
1.9999998241168273
2.272591452208968
4.99999984890546
3.225199147172549
4.708182209280356
1.7472834927781131
3.1932497615171958
3.999999863912433
3.999999937309358
2.190362174390411
3.9999995288482073
1.9435803213560021
3.196519135371741
3.9999996209267494
1.9999999322289974
2.4999998247419604
3.7021110531123935
1.999999937330587
3.9999998551644627
1.7475339593949817
2.160643715740923
4.9999994539183215
3.9126095048653813
4.067241847221099
2.972174732827272
3.9999999730889546
3.096686082428669
3.138764640923702
4.304198589419838
2.3684558918506227
1.4296330179585273
3.644220614500949
1.3333332565110065
2.3844340506955435
1.6666665581049733
3.3818678445366896
1.5387920160915665
4.999999856858361
2.4241256860075695
3.9999999004325386
1.9507782677795151
3.999999612927952
2.0983212011141052
1.532063698263896
3.999999626961691
4.267414410811012
2.29568853194776
1.3333332139120138
1.8658056297521082
3.9999994978053257
3.507313800191465
3.580756417697319
1.6600361197900964
1.9664349689892442
2.9999997291298004
3.8295137764444704
2.999999605671908
1.6776111957402682
3.990195324790697
1.3333332838110072
2.316919034123554
1.9525314887446301
2.2972737602694218
2.822301837181698
2.355403895121248
1.8198927805868168
4.04713264084275
2.2767576664385913
3.999999583402726
4.252465906693766
1.5296107255740772
1.6909608741359248
2.6275307731507596
1.9575002143336497
2.095342002059151
1.9999999669604982
4.343644093246159
1.729126718582347
1.9999998399109806
2.8426887708561486
1.9999999866327443
1.8017362990445995
2.481621211096707
1.4999998372301593
3.9999996658396633
3.9737683428174346
1.9999999187258548
1.999999981096407
2.476194237615925
1.6666665152587883
4.805152014573294
1.9999999381246436
4.185260538942678
2.4999997669474388
2.0077003698717926
1.8443482491743024
4.4484183103357795
2.4999999886391344
2.1400338302706956
2.674837248998977
1.5643364766135348
4.535516074409698
1.9999998210922754
2.75871258399278
1.99999993271308
4.4294683343315295
1.9999999204154175
3.999999723493337
3.307447490371067
2.1516002406790897
2.1605411447276466
1.4999998520587587
2.5080995243781135
4.958970500031094
3.999999844017696
3.9999997923346124
3.999999513567123
2.4732787515557138
1.781936861226764
4.5761603648894145
3.9999996559869864
4.749295886146016
4.597069440049837
3.9999999896520513
2.687204481149609
3.9999996871774695
1.856575351122093
1.9999998253207123
3.33892222433951
4.999999411891895
1.8822973234131337
3.701757595049219
4.0261349602193945
1.9318937360471657
3.2251909671256125
1.499999995973226
2.436694464428502
1.6359856271923572
2.9999999982348897
2.4258355772328186
2.1320498782209545
1.4999999437666607
1.3333332846391714
4.448639207072968
1.9999999210308936
1.7255489008283043
2.02989718127323
1.9999999964857693
3.9999997542999464
3.7853402790353305
4.19095420913186
2.274957589434196
3.9999996906605095
4.999999722034175
4.999999664609973
3.5956349738345295
2.4999998961364684
2.6380934267436285
4.77678888565592
2.8214231151417715
3.206129913107585
3.9999999809665274
4.999999862032267
1.499999977828287
2.7945244400206337
2.0764089909072476
1.9999999085911349
2.9351277413733765
3.089365358293713
3.532317464611255
4.320733128643219
2.545441057876521
3.4279545300533414
1.999999952045112
2.095155809178953
2.724672911626123
4.7061524618216355
3.7688395889430635
3.2900322640659416
1.7719793961039527
1.6666664974450602
6.06770441069648
3.38784145026178
4.173871242030828
2.3004040256084317
1.4999999810927196
3.9999998232902
3.9999995690988714
2.9747675528769335
3.999999691405729
3.999999758335841
1.4451466769636203
3.9999999468851355
1.3333332451708
3.999999587044816
2.6414194737933143
4.9999996053641516
2.4715393870385993
4.413561495032777
4.606187094219426
2.3067321677556185
1.8799418024683394
3.9717427024816354
3.618500227402423
1.6666666135747499
3.7490745108647294
4.846548516515426
1.6666665340483031
3.218356525820923
3.080841204736231
2.349581183241141
1.590968451621528
2.0536752509978773
1.7219847785807578
1.999999837480851
1.999999995194587
4.481404531507796
1.9999998066748508
1.6666665796345987
1.9999998767834468
1.9999998793607263
1.6925034949734823
3.215723988995079
1.9437308599596668
1.6638654432222528
4.983590382769235
3.9999996025457376
2.049194903473612
2.01833769312242
2.566778474490092
3.9999997555596383
1.9999997891717098
2.0618272673727622
4.570012929401073
3.9999995027964155
3.97006412207695
3.9999995931843846
3.3038659637364693
4.999999721524979
3.3717420970513556
1.4763730397293335
3.999999793542796
1.3333332744925934
4.176345903701224
2.1610085238369026
1.614163268776111
3.655627623245341
1.5983614389396978
1.9999999848872707
1.9999997532335971
2.2575046947004638
2.8587736390866936
3.9999999043633645
1.6666665563043794
1.7036183506235187
4.0563521595496255
3.808980786042122
1.5201162919306184
2.968546639987093
3.520520190968151
4.999999469501168
3.999999519680453
2.110459975881928
4.605054274402482
3.436494174003548
2.697461363387673
1.8824844545147712
2.8664059874480943
1.4451604924157677
1.9999998664231797
4.549385144670119
1.898519914621225
2.169359043803
2.4510111641071006
1.5826179324957494
3.999999698765922
1.3333332570191319
1.9999999559485941
4.999999617683784
3.9999996122830437
3.999999949817266
3.999999708567974
1.5996963583832355
1.7270563287488905
1.9999999539190991
3.5405584444658924
1.996330640035154
2.285846209607968
1.7215719373305072
3.9999995180288295
3.9999994899616045
3.168949451681413
2.034145479412651
3.9999998774877263
3.9999997129572495
3.9999995258753986
3.9999997729873864
1.9731050845544431
4.554163276646883
3.9999995340310663
2.1843902018099133
4.488355217028074
3.99999991118086
4.339755283152622
3.97136566465661
3.5028939924295694
4.999999632770579
2.8845919027525997
4.999999472356254
2.1218009966061593
2.438269614191872
2.278782084166629
2.1923343491507614
4.999999698856618
3.9999995038776577
2.0744322419746384
2.774671354848538
4.999999642839963
3.9999997384017982
1.5676065390321106
2.082549519808711
3.5184261595580844
2.499999810067927
3.999999592962834
3.999999827127591
1.7439064425480881
4.999999978320825
1.999999739347575
4.999999983110845
3.36077322034346
4.999999706957392
1.6067264036220419
4.928165412009154
1.9999998308365368
2.173814596291322
1.9999999372671875
1.9999998905377878
1.7008700022743413
1.333333331383453
3.999999904669809
1.6666666264448013
2.4351256393069947
3.1908389861780226
2.9999998951977744
4.999999924432172
1.9773860880616643
3.999999861931569
4.76071092122783
2.99999972290584
2.4234453134881555
2.999999768005766
3.073020668577882
1.6625216265427045
3.9999999874833256
3.238210715360411
2.999999877244931
3.3383127664940857
4.973770426348288
1.6666665987019469
2.289439873879834
1.6388448747179691
1.3333332721813824
2.01375093613881
1.9999998761964453
4.707303950352731
4.505360037827705
3.302266182997189
1.6125740844863674
4.9999997832592875
1.6988554057886815
2.7738249163897795
4.441371397634104
4.191766043656365
2.4999998206024174
2.535079076700077
1.8446601267766043
2.075094511148985
3.535789908141213
4.171802979387714
1.8824531482351807
2.5315738231592344
2.341272515992936
1.9999999868535934
4.285480480454516
1.5969600525394776
1.716624226753074
2.630709528667665
3.9999999541899047
2.8229051589614667
2.513168216883286
2.0263287754012524
2.6080527373843503
2.11728549492598
1.9999999968764652
1.3333332426821813
4.671809799109114
2.6949089985460644
3.1705833847351115
2.0455046099845884
4.88920819503525
4.748417943401208
4.7945041490262845
4.670093123008022
1.5436915534785316
2.107306737450502
4.362718264544673
4.999999841039432
3.999999885499675
2.346408146200722
2.0518996921497115
2.2460804603907807
1.7551010151740494
3.9999995554507284
3.48599211164163
4.232310656351698
4.500288797725952
4.15008681003037
4.683502405316244
2.8370541621664405
2.3983265195328585
3.5645945834923904
4.999999421185574
4.391890544169389
1.689838464930729
3.999999527945637
3.045875789775612
2.4249076732193515
1.666666639704258
2.652670141427667
1.8201605858751053
3.4670626341736024
4.390719366696618
3.999999859791831
3.411222306009176
1.999999959602299
1.8833302538036083
2.122142456781321
3.999999865115964
1.999999784992996
1.5653154058993928
1.4720519754967376
3.9999998627424627
1.9985838521620118
1.999999968358773
1.806940594308304
2.499999975081916
2.99999997164461
1.6913246946704328
4.999999577119247
3.094969871563178
1.51572569523749
1.9999999418026142
3.999999602104107
1.6666666283754261
4.0481896154402
2.32163244649971
3.999999692536519
2.0392865724037046
1.8294248550942007
1.0337164075522387
4.025920015596196
4.744669089648353
4.4327549525051655
4.999999644471001
3.999999819008058
1.9348698812837537
3.84254566207786
1.8392125521376503
4.999999669106535
3.6335735358039782
3.9999999650242106
3.1253872583057714
2.346220083687215
4.20590520673345
4.278063585441718
1.7056770952596052
1.9007356242307705
1.8294908757498494
1.6666665871641524
2.0799378566492837
3.035042608566722
2.7093214701741846
3.703395816263796
2.372645973891154
4.999999861645404
3.5205695857290507
5.304965892387625
2.7134049918939276
4.395508858144868
3.9999998519122575
2.1509887535025873
3.9999999317033708
1.7542962602474999
4.999999703280566
3.592544606977053
2.1914124455703257
1.9999999660733825
2.9407961302236236
4.211420269284202
1.455994658117921
4.678346122009169
2.660207054479719
4.672778919066542
1.4422896438956585
2.1284508187083384
3.9999996802161664
3.758588810685153
2.0334491267220582
2.353755855078714
1.8210404078125448
2.0565980695595933
2.5780561742781165
1.9809272062676908
3.9999998429753796
1.4999998825434064
3.621785100822923
1.963764106152233
4.999999814405436
1.4999998999990918
3.999999762487004
4.717801715497939
3.4687519430336056
2.2460923352169937
3.1976340590147014
2.891938603909799
3.999999529896156
1.9999997542293364
3.304376324656336
1.54862958231991
3.9999999748405695
1.999999793159616
3.889248635146475
4.596041949894094
1.6932349414637673
4.999999629498387
3.2960851967101634
4.5082833782542675
1.6603104040737198
2.999999898790391
3.5047072483597184
4.040561048330773
4.9999994513445065
4.487208375170788
2.2480880287526945
4.05843951328591
2.2448462157370868
1.6584282643281612
2.526454241150165
2.270904431821099
4.999999937509323
3.99999959484195
4.451036017385507
4.999999863571866
1.5442103978631025
1.5944467189662925
2.2946360537739583
4.999999866519562
1.9999999470968202
1.9999998459365842
3.9999997676446415
2.038923266017819
3.032700495712129
1.3333333081224454
3.999999973876846
2.9100214726796017
3.9999999924333642
3.999999634047674
4.999999544310889
1.6767166374531493
4.243720028073342
1.7480233944761747
4.999999707046718
4.999999937310796
1.8684443993654463
4.8788677138475345
1.9999998706418225
1.9999999575718164
1.4218176779785558
3.2211839876068966
4.406772462001902
1.7361385604008284
4.999999840297185
1.999999891863814
3.8832141639822866
2.707069949928693
3.99999978508749
3.591053395571809
4.1103887523688885
1.9147918653844054
3.2553924194993398
1.9551908055648415
3.999999975106561
1.8089454263192697
1.55736757912687
4.051160964446026
2.4033784812561345
3.4870265947604815
2.1930295941986793
2.017384187913484
2.430187382210034
3.6898659104480442
2.99999987586379
2.090468402155074
3.9999998385285656
3.9999999259896826
1.7336186594416083
3.374699315612943
4.5987351650730535
4.26296257191667
4.999999711701715
2.0429049636899355
2.0848754254093635
1.9999998388477613
4.308345725835179
4.858828566089726
4.620887197154844
1.3333332916462572
4.707699376818255
1.5203958155945305
2.983343206025321
4.999999670693178
1.5246320123219543
1.6666665760655044
1.9999997654238324
3.9999995172792215
1.7422906813072414
3.5503535590382667
3.999999915343883
3.9999995930347843
2.661913354415048
1.9999999282531749
4.122496711560077
2.6037261437705825
5.999999476298468
2.0532728363481403
1.5770400872333863
1.999999813171373
2.9757892521426164
1.4509202971215305
3.2686783889811775
1.4650329407147482
1.4999998428031749
1.999999782057889
2.444799132918382
3.6585660471944834
1.6030964299415256
2.170560775183021
3.9999998326663264
2.2417097369998498
4.577866033022974
2.0168004723007513
2.736638552195053
1.9999997936851985
2.9999996269516562
4.9999996246454215
1.99999978945774
1.6600811380620035
3.9999998019195484
1.6974368740967998
1.9999999842700809
4.954228580792078
2.1861872029093026
4.999999576147681
2.2184080886893134
3.7664792542298025
2.085259612360112
3.5424582413415533
2.0300006832775903
3.9999995080313733
1.7565947809298614
1.9928043790271843
1.999999897433769
3.999999495131682
3.363080827508064
3.5015160766684725
1.9999999221573703
3.999999782730519
2.566599739474715
3.999999524095638
1.9999998122019411
1.7991998440135744
4.717854315369856
1.4567223439963826
2.4999999849882615
2.701979411158417
2.835642846296524
2.7694138610152566
1.6666666271506698
4.156155180797301
1.723635292093279
2.121402606606159
1.717037933209132
2.2641394262212478
1.499999867017159
3.416092829391312
1.6666666551461176
4.999999949418077
1.499999962354962
3.9999996177828447
1.9999997930775428
3.7930670590046467
4.99999960163733
2.778423097505414
1.5473955188940056
1.718148626506024
3.999999778023124
3.8219370498080334
1.9999998097816287
3.457990161377239
1.71917227378421
3.9990648188149964
2.094071311871906
3.9999997377995347
3.9999997222067205
1.6666664418915607
3.85282025726151
1.3906611710104593
3.9999995410617006
3.7733345884710654
2.5291112219676037
4.028440401738521
3.7317185076368387
4.8351711121517535
4.320944593126593
1.999999771762729
1.9999999588366304
2.9999996569310143
2.761888259225758
3.9559632887303895
3.4940550270502584
1.9999999727377207
4.300185642874708
3.2680836988144946
4.999999993165825
3.9999996075673345
1.9042019472959142
4.668130043250715
2.0604770416560103
1.4999998508936658
2.2940950286050716
2.203768262588248
3.99999945161446
1.9999999555573873
4.999999665879825
2.3445392913521537
3.999999841054287
3.2279720467516433
3.9999994634370157
3.9999995039666807
4.659905657874902
4.742776818956741
1.9999998836597999
2.177115566114283
4.315873435329518
3.948561089052139
4.999999961986244
1.7455999604974632
4.263703205973803
2.4357328247757177
3.64045253284704
4.259536374417318
2.5225732699541785
1.7630165793416586
3.6611905177349966
1.9694276205892418
4.677682262877435
3.999999797202889
1.9999999206537167
1.6666665913206467
3.9999994726685313
1.999999784048918
4.9999998684098355
4.139520771208443
4.0328015382092754
1.5158400778318815
2.4702273660777325
3.3100808853718817
3.4813002526227916
4.220048030766708
1.824341176012121
3.99999969531727
2.0920153646623354
4.999999784880109
1.999999788022241
2.187914055735577
1.8376385323993407
3.9999999007318054
1.7032072859966243
2.7336336559438754
1.6666665392999276
1.958205919877611
1.9648177179378297
4.999999751104199
3.833335994464852
2.544619099191339
2.00974543414525
1.8832054601095987
3.999999654923204
3.2190523361907073
4.7017051160320475
1.9999998907112713
3.9999996870577488
1.9999997641211116
3.7858248599604796
1.725168982872818
2.1940956734676655
1.6666666261668108
3.23647605816868
2.0524705370099405
4.999999808688215
2.641519278612831
2.161729704126572
2.4504322273854258
5.125999639345392
3.999999831576965
2.0165509926666623
1.8266963835927919
4.145766421951591
1.969917860189399
3.999999914665984
4.999999448478803
3.705250943896655
4.882777870181054
1.581813177113159
3.9999999940794297
3.9999995849920165
4.999999482693858
3.9999998429753796
2.0849947289925983
4.999999898132764
2.0161082181608148
2.4517208711535234
2.0229624302089433
2.2663765969360887
4.643816636928323
3.387476574758052
1.666666499164379
2.3854624925122696
3.6968365533887964
3.997564695432185
3.8223328458981825
1.8030132842226778
2.158500379371155
1.999999790622342
3.9999998557837637
3.999999984840149
2.271069128544068
1.6666664815337733
4.99999967727142
1.9999999688582126
4.999999384802492
2.1202669896520128
2.832603043385337
3.9999999222167597
1.58100825542609
2.351256216940709
4.999999541797047
1.999999770621447
3.9999999376671194
2.4999999706797023
2.1265020240133103
1.867055302743673
1.877505693914389
2.0487524336882377
1.999999928031024
3.9999997023439726
2.0390845324157936
1.620751845560873
1.718042530858578
2.7004981467356974
1.4245897335544933
4.500486505961584
2.8524830056181445
4.707092613289022
1.4999998935075953
2.2232902167319275
4.9999994737747855
1.7806369696844184
1.9999999089735403
1.8202200072707733
4.999999245336776
4.076921032210327
4.999999590038579
1.7685116928642794
3.809577043449465
1.6748138850509384
1.666666620238392
2.2137647294426044
4.999999582306486
4.084781139518934
1.999999762047819
2.600270485115988
2.61213288819601
3.42159743881782
1.3333333066829107
2.844453654549892
2.218140664351882
4.662335524599639
1.9999997619157235
1.6913506834708596
1.8463257592281817
5.027251137401732
3.999999602181099
3.072502678987773
3.999999767300582
3.9999999623884173
3.3854034939599376
3.999999601938239
1.9999999377091944
1.3333332130730944
3.99999961237107
1.7584047617692176
4.325737837937492
2.979132737744406
1.5882971353382667
1.999999858912248
3.5767602081788623
1.4999998657868892
3.999999553138265
1.8989319195429588
4.999999794077793
4.060891983375331
1.7375621228051883
1.9354442716178109
4.999999562107424
1.333333304609781
1.9999999812148592
2.1597277043005345
2.520743379208636
1.8280208111581089
1.7512868929086647
5.098674281345613
2.5558271006810815
2.043439030346971
1.5295600640799154
1.7161150464514645
2.8872333467873115
2.9669840069385
1.6606223736086627
4.1782968872841275
1.8062962166690515
1.86058585113283
3.9999998644290637
1.9999998376828618
4.9999997324919425
3.999999542654414
4.317507529557433
1.9999999427498374
4.999999972839465
2.02371285881323
2.9654674366956537
3.999999809226632
3.999999540761454
2.438509005330507
2.0105951566977205
2.999999849751387
4.114384951342717
3.4213428939884367
1.9999998547329525
4.999999760722379
3.999999478361206
1.6676858176000509
2.580768343966611
2.330093273335641
2.5860279880417587
2.0704002299382513
2.263382308389969
1.6666665264695257
4.999999862559393
2.9999998843092888
4.183461056288592
3.3045916270583433
3.5753854630723967
4.42022197760902
2.299993042224863
2.0824899517364215
1.5238979938967991
1.986646015320877
2.4208283190340927
1.999999998449625
3.269584063806386
1.3468540425317552
3.720756220162995
4.40132534674368
1.6666664535879023
1.9999997698083238
4.9999998677420505
1.9999999311882464
2.1224405043068444
2.343123333394802
3.033702522192391
2.9999998369637746
1.597419740682008
3.550386436757705
1.5237467843097772
4.901915657236501
3.9982961419195484
1.7821391856956663
4.40715710660695
4.999999496508685
3.999999920268086
3.9999997872130217
2.3016635381952213
3.9999997465295
4.999999927221739
3.944556145262244
1.9999998124573697
3.9999998938683525
3.4160016274277245
4.99999966903013
1.7940632930432787
1.9999999848618075
4.999999401169484
2.128361954212414
1.463638506235532
1.6390391923647014
4.795527794444684
3.9999994625926893
2.640180562147322
3.138085180101908
4.367049242708308
3.751618064762061
3.758309951271745
2.52191497913187
3.9999996177828447
3.9999998766495133
3.6819566060793636
1.4854653237229845
2.4448209419517597
1.9999999039181713
1.6666665421607243
3.999999917193556
1.8608555890100498
3.916462761070107
4.539221029747884
1.5748284529770593
1.8905510676729613
1.66593020593894
3.265317835621327
1.6666666078363725
2.9999996315079094
3.999999683746313
1.5950560846560846
3.999999635752624
3.9999999653962743
4.257312397311126
1.9999997742646485
4.999999850164112
3.999999852524277
1.5252422693476466
2.141945205729593
2.7630459018265787
4.344771543953433
1.587929881835866
2.0743189205963204
3.9999996273407645
3.999999683601349
1.9445016618330804
4.54795099540639
4.99999961630931
1.9999999255317311
1.9999998863047521
3.098234756250648
2.1621228452693733
3.9999999840965077
3.999999883962668
3.9086508370140196
2.2897862446515562
2.954539093227474
3.6876454695932233
1.381679432515846
4.999999689311455
2.999999969436077
4.999999623965183
3.442671294964993
1.999999748057201
3.99999959734313
1.849853096736749
3.7576834234524767
4.027562810805962
4.02192950800481
4.87198625882377
4.627011273367705
4.999999763246272
2.37281264397887
1.9999999388248617
1.399525137273039
1.875560815567895
1.6666666219274073
3.144222088645526
2.021299691397959
4.781428327795666
3.9999999761379317
3.9999999786372022
1.999999745897223
2.2079168782782
1.772927203909417
3.9999997258527267
2.1341426815941076
1.6969314462074214
1.202136945347073
4.246105858823861
1.999999840744334
3.510610518608067
1.9999999157884825
1.7679759253032554
2.0199259943948995
3.9999999017937977
4.03901309449781
2.1019469022929855
3.989490538925791
2.0974994233553312
1.4999998926677294
3.9999996584929396
1.3333332625978886
3.780285264314102
1.9999999036293274
2.6962983508674636
3.9999996697312596
4.999999565160229
1.6040242321901175
1.4999999198889324
2.162484689080416
3.0311083154412346
3.9060897233106058
2.215434796338063
3.9999995064671943
2.7152278941191903
2.1997724460167896
1.970807567160547
3.999999806530383
1.5430380136440476
2.4999999495028735
4.022786840678843
2.3040378170670275
2.12036448414112
3.999999686561393
2.608873437175843
2.9999999825547383
2.9999999862856574
2.655701155721498
3.9999994864814425
4.086924605528646
1.9549011557664357
3.7335737587730997
4.999999948089268
2.1718349128527827
3.999999542365253
4.999999947772777
2.5198794434874356
4.999999800853779
3.5319653282371153
1.553094767051113
1.9999997615684761
2.1153765906514526
3.999999719343518
2.7919125131510456
3.9468370901328376
4.222260847949194
2.6017380955214233
4.998363121190383
3.6866315969845758
4.999999534066136
2.124097454819689
1.9999999625817002
4.999999738632318
2.373945272971059
3.9999997303569534
1.7415605983093485
4.168787448586553
4.663151665971395
2.1056021444244126
4.4767490589955745
1.8523401207853243
1.499999962354962
3.999999745723399
2.2378514940187295
4.99999965111938
2.2306985977225993
2.365887275223382
4.9999995582913055
2.053834191593789
3.9999997923346124
4.369705484932823
3.1842811722118647
1.9999999686375978
1.999999855565141
2.947364358588689
2.829479927140172
1.9999998844718025
4.98870163066788
3.7910980369605225
3.1171545194157746
1.3864757500719707
1.666666476597195
1.999999768044716
3.409896649550144
4.268242605051003
3.9999998693408183
2.0892013891709746
1.9999998026639862
2.3993279438246646
4.774859407955794
4.016623028776264
2.2429581510255017
3.999999652821316
2.999999666248013
2.0551245586148674
3.8828029861404447
1.486226347368257
1.361118829839984
3.682314594571076
3.9999995434924607
1.9999998644618295
1.7793751554974506
3.8165836037431196
3.9999998310322646
1.598626323597041
1.7384989274173015
3.4480166322740002
3.544557070246496
3.999999575137663
1.9999999790638314
3.9999998513516624
1.6666665577300481
3.464160053996577
1.8305509899533654
4.07835707987504
1.2539910990164869
1.333333308333506
3.629252334720206
3.8142649312545815
1.5959493349619733
2.0500844921534314
4.979056920179536
4.999999916182214
2.106429268141517
4.914903445909849
1.8093255490763236
1.6666665377821035
1.999999959104424
2.7543866720242964
1.5179896796483605
4.3432537840043794
4.999999888987236
4.908979191246392
1.708151674665488
1.5096552862053438
1.8962701776440989
3.676753196623783
1.9999998224660516
3.4881053925768444
2.6018261485105256
3.5237453782691013
2.305736887944256
2.755548813499076
4.269134485772367
4.999999919479471
3.99999959235384
1.999999843525127
3.99999971127747
1.927391080983441
3.3957779577056733
3.534038741364156
4.275493798986163
1.3333332908091158
5.999999898478365
3.5221050005856345
2.536011298430146
3.999999878898503
2.022382155826772
3.999999982585042
1.5576336151409322
4.999999485423935
4.038471040171325
3.387808353338222
2.3009985691001016
1.6208133872909691
1.9264039628506813
3.9999997114207972
1.818795672494511
2.0124693367790436
4.30300933502736
4.690593758755198
3.7255013931250525
3.91357146164427
1.9999998363505562
1.333333309485448
2.3232566001226242
3.4901722158430553
3.9999995666049197
4.36182780768853
1.6278312460386113
5.838382875506645
2.16221339259403
3.9999996078439373
3.999999804054238
1.9999998488159727
4.044794040419793
1.9915488731471838
1.9999999925032832
3.999999875177051
1.452676876046961
1.5198389577438354
1.9956832656540706
3.9999998163886823
3.713262834592771
3.420281000087841
1.677493838442659
1.9999998631020952
2.319454716213379
4.124848023937613
1.8146190142353427
2.3324863705476795
2.5713777497950825
4.270214380387142
2.999999956877846
2.1749630464438816
4.837977087645878
4.772270608252753
2.999999678942346
3.01767905389844
4.431310616978059
3.336131608898086
2.999999938678679
4.999999603372275
4.431784727405203
4.9621664470901745
3.9999998666435226
3.6394568079430267
1.6666665545174373
3.9999998018339182
4.180438805334807
1.6831913230108784
2.9999999565896536
1.4999998549075741
2.064189076588423
2.056275719812667
1.9999997419303486
1.4967593530430863
3.9999997841619224
3.99999990886389
1.63157414856254
3.999999827841966
3.549850253852441
1.8181270315611806
2.953203987607881
1.9999999080795883
2.4999998691179357
1.8674862508874712
1.9999998082528254
3.9999996774351194
3.9999996627667733
2.16141026645037
1.756044009651583
4.99999970707586
1.6290005953635396
1.750595762214739
1.6987176510142328
3.701088452765951
3.00286315421904
2.058841852551161
3.9096495642709694
3.007721730947551
2.8599345367249773
1.5899340117873426
2.381797943675174
1.9999999045494994
1.9139939601048885
3.9999997454785516
1.9999997980437965
4.021998905627215
3.0255019705459123
2.007713531650484
3.9999995124071765
3.9999997842208135
3.999999993386916
5.119179169620092
3.3589169940164623
4.999999841882249
3.9999998254946196
4.856497073552645
1.6520295058513637
1.666666640639418
1.649805843944607
4.666860325648705
3.043231305512878
3.6833972464012756
1.9999998304275242
1.8593571969914524
2.031809844369224
3.9999994921668245
1.382833931454281
1.6666665128154838
4.999999997073822
4.250512098987676
1.7005782040083761
2.2284370466383505
4.286516448561905
4.255627007274033
2.9250417948823357
3.9999994723963033
2.8484543843866104
3.493698782960374
3.9999999643917867
1.5594677944808402
3.9999999661796943
3.9999996828923976
4.877634761085168
4.156805870252874
2.27533805708756
4.999999733940749
2.214228583728107
1.4999999864841593
4.99999968989284
3.999999696706752
2.0119415489672794
1.9999997997811028
4.518894853055492
1.6024970488387817
4.395892789099327
3.9890476154132273
1.4999998345372503
2.9999996793209633
1.9999998607247813
1.656475040578664
1.9999998897543638
4.858334874777482
1.6972265730334983
3.9999997134304928
2.6319169602246757
1.9978939638520399
3.999999995234979
5.999999647741004
1.715248431206768
2.2718537623623085
2.714676135090898
2.1117014116724584
3.9713626204514885
1.4789454464214826
1.9999997732601202
2.202782436319602
1.666666485597964
2.1943134487389946
3.541553311325255
4.999999760165499
1.666666523030618
4.860617141630508
1.7991845135010185
4.999999396301249
2.031062933654256
4.999999784262737
3.999999818891602
2.984032917741812
2.087920292803537
2.0692469556323547
3.999999728487649
3.942630471550207
4.687370428615844
1.999999995587486
1.999999858314885
3.252762485591366
3.8712151529802563
4.685168036770751
2.353817319690733
1.9999999214876898
1.644818164692371
3.4177178003574413
2.9919003475877624
1.8523470878521633
2.0755569284117
3.0792814631906555
3.999999570467178
2.464394009599166
1.208234786993927
2.1456894412823013
4.999999644701424
2.1952681300157755
4.7504492440219614
1.9350811318434271
2.378271072915744
1.6683599359967254
3.8886946742738893
4.999999794252349
1.5094437809181975
1.4818809034189329
1.9999999418847305
2.673140447726004
2.3983591701686993
3.090225019760321
4.999999574849474
5.1036204167385515
1.9999998992294998
2.3998091213373685
1.9675639464467214
2.0093244063895517
3.9999997819501316
1.9999998607362715
4.4750204567913805
4.040219475557053
3.8035922634214314
4.834128603596133
4.023138586228593
1.933942982542559
2.6306174808193665
2.097511101018492
2.41541468935386
1.9125900658614545
1.801506766634436
1.6666665954145392
2.4204535063077994
2.6749243235249276
4.060788465293883
4.428678018783576
2.0288063848641826
1.9999997956345792
2.53651305449156
2.9093931516291356
3.999999783059503
3.7566013574883277
1.750463440892333
1.6666666116215205
1.6571424687179743
1.333333319410298
1.9999999228916086
2.4350879072133593
2.49999963465281
4.999999629490875
4.381571198263796
4.087227797935558
5.627681101780737
2.0424896069843674
2.9999996834720424
3.9999999539708817
1.9999999206701111
3.9999996318719933
4.426143955829635
3.999999912808149
3.8271043300982766
1.656368873970686
1.7420104175461224
1.3333333148600472
2.069291481529832
4.190494505899154
1.9714999839576743
1.7742703142769167
4.561382235760055
3.999999633195056
2.295410694157202
1.820687830210193
4.99999994523501
4.9999995330945755
3.6453842594559847
3.8405751087139444
1.843911881791947
2.189569113676968
4.999999896726693
4.132102229425121
4.999999536782517
1.9999999575718164
4.087768258765952
4.999999869298898
4.207956317604968
1.715609869795589
4.404033202262818
2.3040196917922007
2.9813802968236516
3.9999994504345167
4.040347669717793
3.408291506762318
1.6969294995681006
1.698916380071788
3.9999997580879754
3.9999994363508793
2.2209903004950995
1.6832859545560903
4.289946844622073
2.736168017041857
1.5523261562203636
3.053511688267566
2.1777988684791167
1.3333333264246905
3.9999997475684737
3.1008905547318157
1.9999998468509643
1.769441939382131
2.067925419444929
2.3152636769396557
1.333333321839556
2.0196948380376485
2.0828516810091116
2.035147206753574
2.3138553851305588
3.0660820005684912
1.999999778813688
1.9999997243114715
1.4070145147263133
1.9999998722295693
2.2477724318773036
4.804549403259993
3.814375224295063
4.354989898284856
5.771301761466409
1.9457905649253284
1.4383587956647672
4.999999585061403
3.999999814149493
1.8576279208685418
3.811229052314043
4.002128674789093
4.061415168725824
2.9999998143375537
2.091954896130142
4.2231684267585985
3.999999644586683
3.9999998833907493
4.999999760722379
2.1518896263417986
5.639147850138146
3.9999998089073894
2.69984084709896
3.5110337097251536
4.999999604796536
1.6252658318032553
1.9334660899664033
1.9999999556007528
3.999999894680247
1.9999999009501792
3.9999996095458115
4.592642797588756
2.063436195109784
3.048923091976296
1.9999998948185678
1.6666665670230572
1.7569532924735531
4.137969484989673
1.3634348526209994
4.484238064365154
3.9999995737282865
3.8986570053221805
5.999999901682113
1.7025720689665094
4.146937139809245
3.0265385128275835
1.3333332101000965
2.434477082978995
2.463165771854366
2.144428417180133
2.310980543666826
3.780003166864541
3.999999588225991
1.8066974834344387
1.9534405890053528
2.9152487436381773
4.99999978566619
1.8465288170631784
1.3501696542703032
3.4795789850526373
3.190524503408481
1.9999999529828654
3.999999688200573
3.9999995843604497
5.718150410037634
1.797939354970108
1.5113033290912792
4.9999997478217155
1.6666665113553787
2.5113226580827646
3.6647924663271536
2.4999999311070233
1.6666665655810164
1.6428317948432238
4.64832886128882
1.6062360059046579
3.9999997492810873
1.8977084276060416
3.42234560598281
1.6951461813133026
3.99999993705862
2.2852324071822543
2.269205017746285
3.9999996291293223
1.5613252421747619
1.4999999778953022
2.6138812017486748
1.999999764979153
1.9999998606926426
3.9999994889520853
4.999999979625117
3.5584743644667505
3.9999997423422697
3.9999998100541845
3.9053967787318706
2.1008070055630257
4.999999558505682
2.2877730170398913
2.268052494082977
1.999999855138089
4.1460422173113445
3.745237086852629
2.433647936138464
1.6770747078609969
3.2798215864185054
3.9999998024752323
4.138032840883236
1.9842601701178142
2.1349729128349018
3.999999702152049
2.3502037015923496
4.842476504317305
1.7957027517655846
4.2286589348695935
3.0557796220680817
1.6823910482653304
1.5863531933175583
2.0127452724363217
2.999999976723195
4.99999998089951
1.2686372631498022
1.6822102934015994
2.543825524092916
3.999999646627413
1.860430703172631
4.715250408333596
3.2607625544183994
3.9999996023107998
1.4413535932738675
2.49197057740972
2.7110635921396558
3.519665527801193
3.2169275895204064
3.999999602488608
1.636042878693489
3.999999951354031
3.0120033296445214
3.999999486160903
2.535612239975989
2.4999999432237017
1.9999998551652902
2.2462551645574984
3.99999991755772
4.327877922662222
2.3817134946262204
3.647119333344715
4.0029620189226724
4.551906179780853
2.277424542766212
1.7155600007356875
3.3703993737038602
4.4125826932062155
2.010193730627154
1.8616319412886706
1.6666665629440598
2.9999997207650337
1.9999998415360327
3.1466504412396272
4.698307384285935
2.8526533447501796
3.6473855833798074
3.9999997077530565
1.4999999718865697
1.8803123852700099
1.9999998938669592
2.08725408228193
1.4687936524679917
2.768175034475736
3.4752465944711664
1.9999998795743794
4.708776142804282
1.5618984557313071
1.8269087660072938
1.7556764474780195
1.792384415997131
2.1216095465224774
3.999999825378862
3.021004055363808
1.4819243994898939
3.9999996673465876
3.9999998534514103
1.5224468738427823
1.64232139962933
3.9999997391067743
3.999999660514909
4.227415052454565
1.9999999301984925
2.999999911097244
2.797720903703282
3.246767207553608
1.5836645431394627
2.4872784313725487
2.048077738253537
1.999999941843292
3.410114161990546
1.999999999077826
3.9999995064671943
1.8250107909529263
3.999999873430438
2.3338496725787685
4.164524345749837
1.9695709969142692
3.9999998138109
1.999999969456946
3.8594528815903986
2.999999666588046
3.9999997818014617
2.0728293343566104
4.044365101009008
4.560920872528113
1.6030499454371165
1.580986063778079
2.232170730404033
4.280147694607378
1.92021638998141
4.079052889253664
3.6330298751833094
2.2079174764231224
4.111743548516136
4.764624130568222
2.053333131752782
3.9999996231702664
1.7128186315241267
2.0530577633634985
3.71747578415995
2.0946073646303662
4.85207904745132
3.2494500242121322
1.999999769410517
4.999999854240758
4.999999442292204
2.014022599728499
1.6083563273271728
3.9682992751277015
3.9999998447474434
1.3839402031476962
1.9720991792248523
1.7746485251533062
3.0708093421190243
2.65592495952796
1.9999998282078983
1.6666666135297945
4.999999921124457
1.5195839976926702
1.999999933116151
4.27422259473438
4.327484191762612
2.327130037450226
1.3850782688798926
3.9999994980715643
3.9999998632403617
2.099345213085583
3.1492055284533356
2.845687170050189
2.041975038905869
3.9999994634370157
3.999999701203941
3.6905015222663273
1.9048936405570707
2.008975337697625
4.911822506739777
1.999999926851017
1.9999999580777197
1.510980543132848
2.113073437125282
4.999999564409101
2.9493392737125785
3.0105942371736774
4.7805124341698395
2.343393394171641
3.5541510461205377
2.8511053250176053
2.324862224347128
4.99999995266716
4.07892989760963
5.282126113954288
3.1146093117667175
4.3426172293240235
3.9999996521662085
2.4845360949234125
2.0372354391821244
2.283574179502815
3.062167044755509
1.9999999464301652
3.9999998393741483
1.6741101182420124
4.090787842980444
1.4999999173278107
4.999999669522641
3.9999997394457845
1.9999999720520218
3.9999995519987936
2.155821095570373
1.4899668557532164
2.561989065683517
1.6821292182053005
4.87235069063743
1.8115960838262646
2.2942465176404006
3.9999997513440553
2.07498919106283
3.591459457280008
1.6002190703054202
1.5031200374370526
1.6782888830304548
4.832132939524585
2.3509392708843047
2.0623989291591194
1.8420325280179937
2.03957985967698
5.039062867135803
2.0750069755731895
3.9999999896612133
2.3822763487688907
1.5533110805303665
4.342721337415069
3.719175204366157
3.999999521577372
2.6025561562117008
3.999999848059136
1.499999891035693
3.99999983182435
4.036507864266915
2.499999989205143
2.025023959022442
2.031427566702395
1.99999988277438
2.543761507067124
4.9999997741912185
2.0018088910090817
2.244884047546782
2.999999982944722
1.99999987519717
2.2915056373721137
4.6062074824582355
1.9245783732765218
3.512119292091032
1.8896371254837954
2.1531910142982675
1.9999999311285583
1.9999998794165719
3.829664900961988
3.9999997541737238
3.944333749842736
1.9999998746502754
1.414056362133632
3.006249667708955
1.5023561137281225
3.9999999322663427
1.9999999197333673
3.1675842271071106
5.040899745627576
2.0533677969677377
3.9999998829156493
2.9439577302775795
1.710177786439665
3.4877292883758337
3.5299979015548235
4.4556041083289415
3.848102766567303
1.7890038543169549
2.494038335952044
4.695817508366546
2.499999980618975
1.99999998974779
1.61128873229504
2.6728924189526104
3.999999470110487
3.726427716525808
1.9999999611438353
3.999999797030443
1.842968148765993
1.8650204122890088
3.9999995750666706
2.164561166441172
3.999999900174644
2.4008536988995672
3.9999999044917227
4.655893412176414
3.9999996297311458
1.8885933054943134
3.881302664373505
1.4999999536356499
3.9999997222067205
3.668446127432753
4.986165829351013
2.9999996785563754
1.9999997539917507
2.36047752217981
3.5805840137546863
2.0610609926039762
1.999999973103197
1.8941659687065437
3.7764759599351523
4.1307406680673315
3.999999569089168
2.2357760952879207
2.072533566565659
2.970937624887594
1.99999993215335
1.999999761830928
1.7260427446189026
1.6666665403918277
1.7272857398812127
3.9999994940881294
4.408088728346916
2.362678128403394
1.4627039122370238
3.489116264276754
1.6014910433582
4.999999839343084
2.9360254117930062
4.999999491189551
3.6534525968721927
2.3832822160899108
1.7328889513751768
1.7070783133815741
2.7220328813346355
1.4999999631726741
1.7193407054707668
1.5469144966317492
1.4020653114327093
1.9999998614254542
2.1573483133600764
3.9999995930347843
1.6666665739655482
2.372786969670262
4.062675357499294
4.648051283213738
2.9999999109743714
2.4999999911836763
2.077944733403053
1.4699327884624163
4.649830122547534
2.938703812346163
2.2095522821136595
4.595184229534981
4.077430787614
3.9999993146715007
2.9349689984264584
3.9999997700217693
4.999999440016249
3.63794364640423
1.9999997511302403
2.4999997973831705
3.2388342441400653
2.832549942021251
2.0199668481147803
4.773866639526887
1.7240456449599821
2.2860044581953534
2.0876671980183104
4.999999784691443
1.6466321980214524
2.190278352273491
1.975228677861248
2.428739447818103
1.999999834143611
1.5243128340688905
2.311952595729057
3.499192942893785
4.999999462127149
2.2616870555012643
1.666666577421943
3.9999997070470714
3.9739748909809696
1.5225281336469292
3.663777940696068
3.0235553998077624
2.3375432316581093
4.999999942650856
4.507455430612842
4.0645539049261625
1.5565022681181688
2.0284623099209766
3.716514345701259
4.999999430479506
2.999999975130357
3.5989369902391184
3.9077596806569903
3.9999998384104796
3.999999812493442
1.6518192051957614
4.9999997414250315
3.64743905664985
3.754509789699742
3.999999564192072
3.6771831649966185
4.999999938884776
2.1214785159146845
1.999999954880111
2.023990569525525
4.999999664609973
1.9392076652334103
3.7909691268789265
2.1589764482612
3.9999999069901127
1.744114688567624
2.4442252788123224
4.999999525430667
1.5129537730168015
2.0512023112359605
4.996575815984845
3.999999618459785
3.9999997401072465
3.999999845334729
3.9999996562938476
3.004417108120863
2.2135977547708894
2.749372839151776
1.9636167793123422
5.999999750875253
3.9999999723493076
2.0055256109361372
4.563002995077047
3.269168607921961
2.035355060485998
4.171247812473264
2.999999947275039
3.9999996434221305
3.999999620179952
1.5887843610748453
2.9999996827448867
1.820594002699372
3.4156082305180506
3.999999754491161
3.527911918231839
2.810180198315628
4.630119173749256
2.7011643321385295
2.405712542160347
1.811237449617024
3.9999998892761575
1.477736974069951
3.6424865381409868
1.5228207976874142
3.999999987714565
5.447374048836354
3.9999997526134936
4.372995811453536
2.276957935425048
2.9999999096585808
2.499999758792546
3.3847931780982545
3.8315164303855513
1.5544559185975995
3.9999999378509425
3.999999796131297
4.9999998674853465
1.4999998876396354
2.1924821309208324
4.665943567037753
3.8258045751261123
1.5773177480739238
3.9999999155989827
1.9999998504575476
3.1496283526791573
1.6838242910306158
4.66089932838074
3.9999995890636795
1.9999998387126958
1.8764050745095238
1.9369052149555643
1.9999999043577943
3.9999998715252376
2.045965851169642
2.042890475847777
3.9999999282502094
2.4178903618318173
3.108411781392526
2.161801137020991
1.9999997730434562
1.5500646518051626
2.464282000618368
2.999999841718958
2.0576268228336194
2.1594823204533937
3.20938752440224
4.912743228339914
1.4999998504378744
2.210248621355549
2.9999997613361478
2.999999688211775
1.4999998631190654
4.041553239464826
1.8610933241726784
4.874697079949797
2.153459060963713
3.733584385090104
2.8355336032861578
1.9999999951945866
4.999999695391122
4.8654634157199155
3.999999584508723
1.999999970002381
2.078190274819291
3.697627519845218
2.0097969865089915
