0.0004482269287109375
0.0001983642578125
0.0001819133758544922
0.00017690658569335938
0.00020503997802734375
0.00017499923706054688
0.0001735687255859375
0.0001690387725830078
0.00016927719116210938
0.00016617774963378906
0.0001697540283203125
0.00016641616821289062
0.0001666545867919922
0.00016641616821289062
0.0001678466796875
0.0001652240753173828
0.0001621246337890625
0.00016379356384277344
0.0001628398895263672
0.0001647472381591797
0.00016379356384277344
0.00016307830810546875
0.00016236305236816406
0.00016427040100097656
0.0001628398895263672
0.00016498565673828125
0.0001671314239501953
0.0001876354217529297
0.00016760826110839844
0.0001659393310546875
0.00016498565673828125
0.00016236305236816406
0.000164031982421875
0.0001666545867919922
0.00016069412231445312
0.00016069412231445312
0.00016188621520996094
0.0001614093780517578
0.0001614093780517578
0.0001621246337890625
0.00016498565673828125
0.0001633167266845703
0.00016379356384277344
0.0001621246337890625
0.0001614093780517578
0.0001595020294189453
0.00015997886657714844
0.0001595020294189453
0.00016117095947265625
0.00015997886657714844
0.00015878677368164062
0.00015997886657714844
0.00016617774963378906
0.00015997886657714844
0.0001614093780517578
0.0001609325408935547
0.0001628398895263672
0.00015974044799804688
0.0001583099365234375
0.00016045570373535156
0.0001595020294189453
0.00016164779663085938
0.00016260147094726562
0.00016069412231445312
0.00016045570373535156
0.00016164779663085938
0.00015878677368164062
0.00016736984252929688
0.00016355514526367188
0.00016498565673828125
0.00016307830810546875
0.00016045570373535156
0.0001614093780517578
0.0001614093780517578
0.00016307830810546875
0.0001621246337890625
0.00017452239990234375
0.00016260147094726562
0.0001633167266845703
0.00016045570373535156
0.0001609325408935547
0.00016164779663085938
0.00016450881958007812
0.00016069412231445312
0.0001614093780517578
0.00015997886657714844
0.00016355514526367188
0.0001652240753173828
0.00016164779663085938
0.00015997886657714844
0.00015878677368164062
0.00015878677368164062
0.00015974044799804688
0.0001583099365234375
0.00015807151794433594
0.0001583099365234375
0.00015974044799804688
0.00015926361083984375
0.00015878677368164062
0.00015783309936523438
0.00016021728515625
0.00017690658569335938
0.0001633167266845703
0.00016427040100097656
0.0001621246337890625
0.000164031982421875
0.00016045570373535156
0.00016236305236816406
0.00016117095947265625
0.0001614093780517578
0.00016236305236816406
0.00016260147094726562
0.0001614093780517578
0.0001595020294189453
0.0001628398895263672
0.00016260147094726562
0.00016260147094726562
0.00016450881958007812
0.00016498565673828125
0.00016260147094726562
0.00016117095947265625
0.00016188621520996094
0.0001652240753173828
0.0001652240753173828
0.000164031982421875
0.0001735687255859375
0.0001652240753173828
0.0001647472381591797
0.0001633167266845703
0.00016164779663085938
0.00016021728515625
0.00015926361083984375
0.00015926361083984375
0.00016164779663085938
0.00015997886657714844
0.0001609325408935547
0.00016188621520996094
0.00016021728515625
0.00015926361083984375
0.00015997886657714844
0.00016117095947265625
0.0001609325408935547
0.00016021728515625
0.0001595020294189453
0.00015974044799804688
0.0001595020294189453
0.0001590251922607422
0.00016236305236816406
0.00016045570373535156
0.00015854835510253906
0.00016689300537109375
0.00016021728515625
0.00016021728515625
0.0001609325408935547
0.0001628398895263672
0.00015974044799804688
0.00016236305236816406
0.0001628398895263672
0.00016188621520996094
0.0001609325408935547
0.00016045570373535156
0.0001614093780517578
0.0001621246337890625
0.00015974044799804688
0.000164031982421875
0.0001614093780517578
0.00016236305236816406
0.00016021728515625
0.00016117095947265625
0.00016236305236816406
0.00016045570373535156
0.00016307830810546875
0.0001614093780517578
0.00016117095947265625
0.00016021728515625
0.00016379356384277344
0.00016164779663085938
0.0001609325408935547
0.0001609325408935547
0.000164031982421875
0.00016021728515625
0.00015878677368164062
0.00016188621520996094
0.000164031982421875
0.00016188621520996094
0.00015974044799804688
0.00015926361083984375
0.00016117095947265625
0.0001614093780517578
0.00015974044799804688
0.00015878677368164062
0.0001575946807861328
0.00015735626220703125
0.00015974044799804688
0.00016069412231445312
0.00016069412231445312
0.00016069412231445312
0.00016069412231445312
0.0001621246337890625
0.00016069412231445312
0.00018262863159179688
0.0001685619354248047
0.0001659393310546875
0.00016260147094726562
0.0001652240753173828
0.000164031982421875
0.00016117095947265625
0.00016260147094726562
0.0001633167266845703
0.00016498565673828125
0.00016069412231445312
0.0001628398895263672
0.0001633167266845703
0.0001609325408935547
0.0001647472381591797
0.00016498565673828125
0.00016236305236816406
0.00016355514526367188
0.0001614093780517578
0.00016164779663085938
0.00016164779663085938
0.00016069412231445312
0.00016021728515625
0.00016021728515625
0.00016999244689941406
0.00016307830810546875
0.00016355514526367188
0.00016260147094726562
0.00016069412231445312
0.0001609325408935547
0.00016188621520996094
0.00015997886657714844
0.0001628398895263672
0.00016236305236816406
0.0001628398895263672
0.00016355514526367188
0.00016260147094726562
0.0001633167266845703
0.00016355514526367188
0.00016117095947265625
0.00016236305236816406
0.0001614093780517578
0.00016427040100097656
0.00016188621520996094
0.00016069412231445312
0.00016117095947265625
0.00016021728515625
0.0001609325408935547
0.0001785755157470703
0.00016427040100097656
0.0001628398895263672
0.00016236305236816406
0.00016379356384277344
0.0001633167266845703
0.000164031982421875
0.00016355514526367188
0.00016307830810546875
0.00016355514526367188
0.00016260147094726562
0.00016355514526367188
0.000164031982421875
0.00016164779663085938
0.00016069412231445312
0.00015997886657714844
0.00016260147094726562
0.00015926361083984375
0.00015926361083984375
0.00015997886657714844
0.0001614093780517578
0.00016427040100097656
0.00016450881958007812
0.0001633167266845703
0.0001621246337890625
0.00019621849060058594
0.0001614093780517578
0.00016164779663085938
0.00016117095947265625
0.00016570091247558594
0.0001652240753173828
0.0001671314239501953
0.0001628398895263672
0.00016236305236816406
0.000164031982421875
0.00016260147094726562
0.00015997886657714844
0.0001609325408935547
0.00016236305236816406
0.00016307830810546875
0.00016260147094726562
0.0001628398895263672
0.0001621246337890625
0.00016379356384277344
0.00016355514526367188
0.00016164779663085938
0.00016236305236816406
0.00016236305236816406
0.0001609325408935547
0.00016880035400390625
0.00016260147094726562
0.00015974044799804688
0.00015878677368164062
0.00015997886657714844
0.0001595020294189453
0.00016164779663085938
0.0001590251922607422
0.00015854835510253906
0.0001590251922607422
0.00015974044799804688
0.00015878677368164062
0.00015807151794433594
0.0001590251922607422
0.00015854835510253906
0.00015807151794433594
0.00015974044799804688
0.00015974044799804688
0.00015878677368164062
0.0001590251922607422
0.00016045570373535156
0.00016045570373535156
0.00016164779663085938
0.00016236305236816406
0.00016260147094726562
0.000179290771484375
0.00016498565673828125
0.00016164779663085938
0.00016164779663085938
0.0001609325408935547
0.00016021728515625
0.0001609325408935547
0.00015997886657714844
0.00015997886657714844
0.00016045570373535156
0.00015997886657714844
0.00016379356384277344
0.0001609325408935547
0.00015997886657714844
0.0001590251922607422
0.0001614093780517578
0.00016188621520996094
0.00015997886657714844
0.00015926361083984375
0.00016236305236816406
0.00015997886657714844
0.00016236305236816406
0.00015854835510253906
0.00016069412231445312
0.00016164779663085938
0.00017023086547851562
0.0001621246337890625
0.0001595020294189453
0.00015974044799804688
0.0001583099365234375
0.0001595020294189453
0.00015974044799804688
0.00015926361083984375
0.00016021728515625
0.00016045570373535156
0.00016045570373535156
0.00016188621520996094
0.00015974044799804688
0.0001621246337890625
0.00016188621520996094
0.00016164779663085938
0.00016427040100097656
0.0001614093780517578
0.00016069412231445312
0.0001633167266845703
0.00016069412231445312
0.0001614093780517578
0.0001609325408935547
0.0001614093780517578
0.00018095970153808594
0.0001678466796875
0.00016260147094726562
0.0001659393310546875
0.00016641616821289062
0.00016236305236816406
0.00016236305236816406
0.0001609325408935547
0.00016379356384277344
0.00016188621520996094
0.0001609325408935547
0.00016069412231445312
0.0001609325408935547
0.00016236305236816406
0.00015878677368164062
0.0001609325408935547
0.00015854835510253906
0.00016188621520996094
0.00016164779663085938
0.0001614093780517578
0.00016164779663085938
0.0001621246337890625
0.00016117095947265625
0.00016021728515625
0.0001633167266845703
0.0001697540283203125
0.0001621246337890625
0.0001609325408935547
0.00016045570373535156
0.0001628398895263672
0.00016021728515625
0.00016450881958007812
0.00016379356384277344
0.00016307830810546875
0.0001628398895263672
0.0001633167266845703
0.0001628398895263672
0.000164031982421875
0.00016236305236816406
0.00016307830810546875
0.00016307830810546875
0.0001621246337890625
0.0001614093780517578
0.00016188621520996094
0.0001609325408935547
0.00016021728515625
0.00015974044799804688
0.00015974044799804688
0.00015783309936523438
0.00018405914306640625
0.00016498565673828125
0.00016117095947265625
0.00015926361083984375
0.00016045570373535156
0.00016045570373535156
0.00016117095947265625
0.00015926361083984375
0.0001595020294189453
0.00016045570373535156
0.0001609325408935547
0.00016069412231445312
0.0001590251922607422
0.0001609325408935547
0.00016021728515625
0.00015974044799804688
0.00015974044799804688
0.00015974044799804688
0.0001595020294189453
0.00015926361083984375
0.00015878677368164062
0.00015926361083984375
0.00015854835510253906
0.00016021728515625
0.0001633167266845703
0.00017142295837402344
0.0001647472381591797
0.00016498565673828125
0.00016236305236816406
0.0001614093780517578
0.00016045570373535156
0.00016498565673828125
0.0001621246337890625
0.00016164779663085938
0.00015997886657714844
0.0001595020294189453
0.00016069412231445312
0.00015926361083984375
0.00015854835510253906
0.00016164779663085938
0.00016069412231445312
0.00016236305236816406
0.00016069412231445312
0.00016069412231445312
0.00015997886657714844
0.0001614093780517578
0.0001614093780517578
0.00016164779663085938
0.00016069412231445312
0.00015974044799804688
0.00016736984252929688
0.0001595020294189453
0.00015926361083984375
0.00016164779663085938
0.00016021728515625
0.00016236305236816406
0.0001595020294189453
0.00015997886657714844
0.0001614093780517578
0.00016164779663085938
0.00016045570373535156
0.00015997886657714844
0.00016117095947265625
0.00016045570373535156
0.00016117095947265625
0.00015878677368164062
0.00015878677368164062
0.0001633167266845703
0.00016379356384277344
0.0001621246337890625
0.00016236305236816406
0.0001621246337890625
0.0001595020294189453
0.00016117095947265625
0.00017571449279785156
0.00016617774963378906
0.00016164779663085938
0.00016188621520996094
0.00016188621520996094
0.00016307830810546875
0.00016045570373535156
0.0001609325408935547
0.0001590251922607422
0.00016188621520996094
0.0001609325408935547
0.00016188621520996094
0.00016164779663085938
0.00016021728515625
0.00016069412231445312
0.00016260147094726562
0.00015997886657714844
0.00016045570373535156
0.0001614093780517578
0.00016021728515625
0.0001590251922607422
0.00015878677368164062
0.00015807151794433594
0.0001583099365234375
0.00015926361083984375
0.00016689300537109375
0.0001614093780517578
0.00016021728515625
0.00016021728515625
0.00016045570373535156
0.00016236305236816406
0.0001583099365234375
0.00016021728515625
0.0001609325408935547
0.0001621246337890625
0.00016069412231445312
0.00016355514526367188
0.0001614093780517578
0.0001614093780517578
0.00016236305236816406
0.0001614093780517578
0.00016379356384277344
0.0001614093780517578
0.00016117095947265625
0.00016188621520996094
0.000164031982421875
0.00016188621520996094
0.00016045570373535156
0.00015997886657714844
0.0001666545867919922
0.00019502639770507812
0.00016355514526367188
0.00016260147094726562
0.00016117095947265625
0.0001614093780517578
0.00016236305236816406
0.00016069412231445312
0.0001614093780517578
0.00016260147094726562
0.00016069412231445312
0.00016045570373535156
0.00016260147094726562
0.0001595020294189453
0.0001609325408935547
0.00016021728515625
0.0001621246337890625
0.00015878677368164062
0.00015926361083984375
0.00015926361083984375
0.0001595020294189453
0.00015997886657714844
0.0001590251922607422
0.00015878677368164062
0.00015974044799804688
0.00016641616821289062
0.00016069412231445312
0.0001614093780517578
0.0001633167266845703
0.00016236305236816406
0.00016379356384277344
0.00016117095947265625
0.0001609325408935547
0.00015974044799804688
0.00015997886657714844
0.00016260147094726562
0.0001621246337890625
0.00015926361083984375
0.0001609325408935547
0.0001609325408935547
0.0001590251922607422
0.0001614093780517578
0.00016045570373535156
0.0001614093780517578
0.0001595020294189453
0.0001595020294189453
0.00015854835510253906
0.00015997886657714844
0.00016260147094726562
0.0001614093780517578
0.00017690658569335938
0.0001647472381591797
0.00016164779663085938
0.00016164779663085938
0.00015997886657714844
0.00015878677368164062
0.0001614093780517578
0.00016021728515625
0.0001614093780517578
0.00016045570373535156
0.00016188621520996094
0.0001614093780517578
0.00015807151794433594
0.00015854835510253906
0.00016117095947265625
0.00016021728515625
0.0001590251922607422
0.00015997886657714844
0.0001590251922607422
0.00019669532775878906
0.00017404556274414062
0.00017023086547851562
0.00016832351684570312
0.0001728534698486328
0.0001671314239501953
0.0001678466796875
0.00016617774963378906
0.00016427040100097656
0.0001628398895263672
0.00016641616821289062
0.00016355514526367188
0.00016236305236816406
0.00016307830810546875
0.0001633167266845703
0.00016188621520996094
0.0001628398895263672
0.00016355514526367188
0.00016307830810546875
0.00016307830810546875
0.00016236305236816406
0.00016832351684570312
0.000164031982421875
0.00016355514526367188
0.0001659393310546875
0.00016498565673828125
0.00016832351684570312
0.000164031982421875
0.0001780986785888672
0.00016641616821289062
0.00016379356384277344
0.00016379356384277344
0.0001621246337890625
0.0001614093780517578
0.00016021728515625
0.00016164779663085938
0.00016188621520996094
0.00016021728515625
0.00016355514526367188
0.00016164779663085938
0.00016117095947265625
0.000164031982421875
0.0001671314239501953
0.0001678466796875
0.00016617774963378906
0.0001647472381591797
0.00016546249389648438
0.00016450881958007812
0.0001633167266845703
0.00016450881958007812
0.0001647472381591797
0.0001659393310546875
0.00016355514526367188
0.0001709461212158203
0.0001633167266845703
0.0001628398895263672
0.00016880035400390625
0.00016427040100097656
0.0001659393310546875
0.00016570091247558594
0.00016498565673828125
0.0001621246337890625
0.00016188621520996094
0.0001614093780517578
0.00016236305236816406
0.0001633167266845703
0.00016260147094726562
0.00016307830810546875
0.00016379356384277344
0.00016307830810546875
0.0001614093780517578
0.00016164779663085938
0.00016260147094726562
0.00016307830810546875
0.00016164779663085938
0.0001647472381591797
0.0001621246337890625
0.00016880035400390625
0.00016379356384277344
0.00016260147094726562
0.00016069412231445312
0.0001647472381591797
0.00016355514526367188
0.0001659393310546875
0.0001652240753173828
0.000164031982421875
0.0001652240753173828
0.0001633167266845703
0.00016188621520996094
0.0001628398895263672
0.0001633167266845703
0.0001628398895263672
0.0001652240753173828
0.00016379356384277344
0.0001628398895263672
0.0001628398895263672
0.0001621246337890625
0.00016379356384277344
0.00016307830810546875
0.00016355514526367188
0.00016260147094726562
0.0001785755157470703
0.00016617774963378906
0.0001609325408935547
0.0001609325408935547
0.00016045570373535156
0.0001614093780517578
0.00016045570373535156
0.00016164779663085938
0.0001647472381591797
0.00016236305236816406
0.0001609325408935547
0.0001609325408935547
0.000164031982421875
0.0001647472381591797
0.00016164779663085938
0.00016236305236816406
0.00016498565673828125
0.000164031982421875
0.00016117095947265625
0.00015997886657714844
0.00016117095947265625
0.00015997886657714844
0.00016069412231445312
0.00016069412231445312
0.00016307830810546875
0.0001709461212158203
0.0001633167266845703
0.00016379356384277344
0.0001633167266845703
0.00016188621520996094
0.00016236305236816406
0.0001614093780517578
0.0001609325408935547
0.0001628398895263672
0.00016260147094726562
0.0001628398895263672
0.00016427040100097656
0.00016236305236816406
0.00016355514526367188
0.000164031982421875
0.0001614093780517578
0.00016117095947265625
0.00016236305236816406
0.00015997886657714844
0.00016021728515625
0.0001614093780517578
0.00016045570373535156
0.00016045570373535156
0.0001614093780517578
0.00017309188842773438
0.00016427040100097656
0.0001609325408935547
0.00016164779663085938
0.0001609325408935547
0.00016164779663085938
0.000164031982421875
0.00016379356384277344
0.00016427040100097656
0.0001609325408935547
0.00016450881958007812
0.0001633167266845703
0.0001659393310546875
0.00016450881958007812
0.0001628398895263672
0.00016355514526367188
0.00016760826110839844
0.00016379356384277344
0.00016570091247558594
0.00016307830810546875
0.0001633167266845703
0.00016617774963378906
0.00016427040100097656
0.00016355514526367188
0.0001621246337890625
0.0002079010009765625
0.0001647472381591797
0.0001633167266845703
0.00016260147094726562
0.00016427040100097656
0.0001647472381591797
0.0001671314239501953
0.000164031982421875
0.00016641616821289062
0.00016045570373535156
0.00016236305236816406
0.00016021728515625
0.00016069412231445312
0.00016188621520996094
0.00016307830810546875
0.0001621246337890625
0.0001647472381591797
0.00016117095947265625
0.00016736984252929688
0.00016641616821289062
0.00016260147094726562
0.0001609325408935547
0.0001609325408935547
0.00016188621520996094
0.0001697540283203125
0.00016164779663085938
0.00016188621520996094
0.00016307830810546875
0.00016260147094726562
0.00016570091247558594
0.00016355514526367188
0.0001628398895263672
0.0001621246337890625
0.00016307830810546875
0.00016379356384277344
0.00016188621520996094
0.00016498565673828125
0.00016498565673828125
0.00016450881958007812
0.00016379356384277344
0.00016450881958007812
0.00016498565673828125
0.0001659393310546875
0.000164031982421875
0.00016117095947265625
0.0001621246337890625
0.0001609325408935547
0.0001614093780517578
0.00017142295837402344
0.00016355514526367188
0.0001633167266845703
0.00016236305236816406
0.0001609325408935547
0.00016069412231445312
0.00016188621520996094
0.00016021728515625
0.0001609325408935547
0.00016117095947265625
0.00016188621520996094
0.0001628398895263672
0.0001633167266845703
0.0001609325408935547
0.0001614093780517578
0.0001609325408935547
0.00016117095947265625
0.00016045570373535156
0.00015926361083984375
0.0001621246337890625
0.0001621246337890625
0.0001595020294189453
0.00016164779663085938
0.0001609325408935547
0.00016045570373535156
0.0001785755157470703
0.0001652240753173828
0.00016117095947265625
0.00016260147094726562
0.00016307830810546875
0.0001628398895263672
0.00016236305236816406
0.0001614093780517578
0.00016117095947265625
0.00016045570373535156
0.0001614093780517578
0.00016498565673828125
0.00016307830810546875
0.0001628398895263672
0.00016260147094726562
0.00016307830810546875
0.0001621246337890625
0.00016164779663085938
0.00016188621520996094
0.00016379356384277344
0.00016164779663085938
0.0001595020294189453
0.00016069412231445312
0.00016021728515625
0.0001678466796875
0.0001628398895263672
0.00016307830810546875
0.00016260147094726562
0.0001609325408935547
0.00016021728515625
0.00016045570373535156
0.00016069412231445312
0.0001609325408935547
0.00016021728515625
0.00016069412231445312
0.00016069412231445312
0.0001621246337890625
0.00016450881958007812
0.00016188621520996094
0.00016069412231445312
0.00016355514526367188
0.0001609325408935547
0.0001614093780517578
0.0001633167266845703
0.000164031982421875
0.00016379356384277344
0.00016355514526367188
0.0001628398895263672
0.000164031982421875
0.00017070770263671875
0.0001633167266845703
0.0001628398895263672
0.00016164779663085938
0.00016546249389648438
0.00016355514526367188
0.0001614093780517578
0.00016236305236816406
0.00016021728515625
0.00016188621520996094
0.0001614093780517578
0.00016045570373535156
0.00016164779663085938
0.00016188621520996094
0.00016307830810546875
0.0001609325408935547
0.00016045570373535156
0.00016021728515625
0.00015997886657714844
0.00016236305236816406
0.00016069412231445312
0.0001595020294189453
0.00016045570373535156
0.00015997886657714844
0.00017547607421875
0.0001652240753173828
0.0001621246337890625
0.00016045570373535156
0.00016236305236816406
0.00016379356384277344
0.00016164779663085938
0.00015974044799804688
0.00015997886657714844
0.0001621246337890625
0.00016045570373535156
0.00016045570373535156
0.0001609325408935547
0.0001614093780517578
0.00016498565673828125
0.00016379356384277344
0.000164031982421875
0.00016236305236816406
0.00016307830810546875
0.00016069412231445312
0.00016045570373535156
0.00016236305236816406
0.00016021728515625
0.00016045570373535156
0.00016069412231445312
0.00016951560974121094
0.00016307830810546875
0.00016260147094726562
0.00016260147094726562
0.00016260147094726562
0.0001595020294189453
0.000164031982421875
0.00016236305236816406
0.00016117095947265625
0.0001633167266845703
0.00016450881958007812
0.00016164779663085938
0.00015926361083984375
0.00016307830810546875
0.00015997886657714844
0.00016069412231445312
0.00016117095947265625
0.00016236305236816406
0.00015997886657714844
0.00016069412231445312
0.00016164779663085938
0.00016164779663085938
0.00016188621520996094
0.00016069412231445312
0.00016641616821289062
0.00016307830810546875
0.0001609325408935547
0.00016164779663085938
0.00016069412231445312
0.00016069412231445312
0.00016355514526367188
0.0001633167266845703
0.00016188621520996094
0.00016498565673828125
0.00016450881958007812
0.00016379356384277344
0.00016355514526367188
0.0001621246337890625
0.00016164779663085938
0.00016236305236816406
0.00015997886657714844
0.00016045570373535156
0.00016260147094726562
0.00016307830810546875
0.0001628398895263672
0.00016355514526367188
0.0001628398895263672
0.0001621246337890625
0.00016117095947265625
0.0001811981201171875
0.00016617774963378906
0.00016117095947265625
0.00016164779663085938
0.00016307830810546875
0.00016021728515625
0.0001633167266845703
0.00015974044799804688
0.00016379356384277344
0.00016164779663085938
0.0001609325408935547
0.0001628398895263672
0.00016188621520996094
0.00016045570373535156
0.00016307830810546875
0.0001614093780517578
0.00016832351684570312
0.0001678466796875
0.00016164779663085938
0.00016260147094726562
0.00016260147094726562
0.0001621246337890625
0.00016069412231445312
0.0001633167266845703
0.00017023086547851562
0.0001633167266845703
0.00016498565673828125
0.00016307830810546875
0.0001633167266845703
0.00016427040100097656
0.00016450881958007812
0.0001614093780517578
0.00016236305236816406
0.00016307830810546875
0.00016164779663085938
0.00016355514526367188
0.00016045570373535156
0.00015878677368164062
0.00016236305236816406
0.0001614093780517578
0.00016021728515625
0.0001609325408935547
0.00015926361083984375
0.00015997886657714844
0.00016307830810546875
0.00016069412231445312
0.00015974044799804688
0.00015854835510253906
0.00016021728515625
0.00018024444580078125
0.0001614093780517578
0.00016117095947265625
0.00015974044799804688
0.0001595020294189453
0.00016164779663085938
0.00015997886657714844
0.00015974044799804688
0.0001595020294189453
0.00016236305236816406
0.00016379356384277344
0.00016379356384277344
0.00016069412231445312
0.00016260147094726562
0.00016045570373535156
0.00016188621520996094
0.0001614093780517578
0.00016260147094726562
0.00016021728515625
0.00016069412231445312
0.0001595020294189453
0.0001614093780517578
0.0001621246337890625
0.00016021728515625
0.00015974044799804688
0.00016546249389648438
0.00016021728515625
0.00016236305236816406
0.00016045570373535156
0.0001628398895263672
0.00016021728515625
0.00016236305236816406
0.00015926361083984375
0.0001609325408935547
0.00015807151794433594
0.0001595020294189453
0.0001609325408935547
0.00016188621520996094
0.00016188621520996094
0.00016164779663085938
0.00016236305236816406
0.0001595020294189453
0.00016045570373535156
0.00016021728515625
0.0001621246337890625
0.00015997886657714844
0.0001590251922607422
0.0001590251922607422
0.00016117095947265625
0.0001659393310546875
0.0001609325408935547
0.0001609325408935547
0.00015997886657714844
0.0001609325408935547
0.00015854835510253906
0.0001595020294189453
0.0001614093780517578
0.00015997886657714844
0.00016117095947265625
0.000164031982421875
0.00016617774963378906
0.00016164779663085938
0.00016188621520996094
0.000164031982421875
0.00016379356384277344
0.0001666545867919922
0.0001621246337890625
0.00016498565673828125
0.00016236305236816406
0.00016379356384277344
0.000164031982421875
0.00016427040100097656
0.00016355514526367188
0.0001633167266845703
0.0001800060272216797
0.0001652240753173828
0.00016832351684570312
0.0001659393310546875
0.00016450881958007812
0.0001652240753173828
0.00016355514526367188
0.0001628398895263672
0.00016427040100097656
0.00016427040100097656
0.00016427040100097656
0.00016164779663085938
0.000164031982421875
0.0001652240753173828
0.0001652240753173828
0.0001647472381591797
0.0001671314239501953
0.0001666545867919922
0.00016427040100097656
0.00016427040100097656
0.000164031982421875
0.0001633167266845703
0.00016760826110839844
0.00016427040100097656
0.0001697540283203125
0.00016570091247558594
0.00016355514526367188
0.00016760826110839844
0.0001621246337890625
0.00016307830810546875
0.0001647472381591797
0.00016260147094726562
0.00016617774963378906
0.00016307830810546875
0.00016379356384277344
0.00016188621520996094
0.00016498565673828125
0.00016045570373535156
0.0001633167266845703
0.0001609325408935547
0.000164031982421875
0.0001628398895263672
0.00016307830810546875
0.0001621246337890625
0.00016307830810546875
0.00016236305236816406
0.000164031982421875
0.00016188621520996094
0.0001838207244873047
0.0001628398895263672
0.00016236305236816406
0.0001614093780517578
0.0001628398895263672
0.00016164779663085938
0.00016307830810546875
0.00016427040100097656
0.00016307830810546875
0.00016069412231445312
0.00016236305236816406
0.0001609325408935547
0.00015997886657714844
0.00016045570373535156
0.0001633167266845703
0.00016307830810546875
0.00016188621520996094
0.00016164779663085938
0.00016188621520996094
0.00016307830810546875
0.0001621246337890625
0.00016617774963378906
0.00016260147094726562
0.00016546249389648438
0.0001614093780517578
0.0001773834228515625
0.00016260147094726562
0.0001621246337890625
0.00016379356384277344
0.00016498565673828125
0.00016236305236816406
0.00016188621520996094
0.00016427040100097656
0.00016236305236816406
0.00016117095947265625
0.00016236305236816406
0.00016164779663085938
0.00016117095947265625
0.0001621246337890625
0.00015926361083984375
0.0001590251922607422
0.00015926361083984375
0.00016117095947265625
0.00016164779663085938
0.00015974044799804688
0.0001614093780517578
0.00019478797912597656
0.00017333030700683594
0.00017762184143066406
0.00017118453979492188
0.00016617774963378906
0.00016379356384277344
0.000164031982421875
0.0001652240753173828
0.00016617774963378906
0.0001652240753173828
0.00016427040100097656
0.00016427040100097656
0.0001614093780517578
0.0001633167266845703
0.00016427040100097656
0.00016450881958007812
0.00016188621520996094
0.0001633167266845703
0.00016307830810546875
0.00016260147094726562
0.00016307830810546875
0.0001628398895263672
0.00016045570373535156
0.0001628398895263672
0.00016355514526367188
0.00016307830810546875
0.00018739700317382812
0.00016689300537109375
0.0001652240753173828
0.00016379356384277344
0.00016260147094726562
0.00016427040100097656
0.00016379356384277344
0.00016498565673828125
0.00016450881958007812
0.00016164779663085938
0.00016164779663085938
0.00016069412231445312
0.00016355514526367188
0.00016188621520996094
0.0001647472381591797
0.00016236305236816406
0.0001621246337890625
0.0001614093780517578
0.0001614093780517578
0.00016236305236816406
0.00016117095947265625
0.00016188621520996094
0.0001595020294189453
0.0001609325408935547
0.0001685619354248047
0.00016164779663085938
0.00016021728515625
0.00015997886657714844
0.0001609325408935547
0.00016045570373535156
0.0001621246337890625
0.0001621246337890625
0.00016617774963378906
0.00016379356384277344
0.00016355514526367188
0.00016450881958007812
0.00016498565673828125
0.000164031982421875
0.0001633167266845703
0.0001609325408935547
0.0001647472381591797
0.000164031982421875
0.00016236305236816406
0.000164031982421875
0.00016355514526367188
0.00016260147094726562
0.00016355514526367188
0.00016236305236816406
0.00016236305236816406
0.00018715858459472656
0.00016450881958007812
0.00016188621520996094
0.00016069412231445312
0.0001614093780517578
0.00016117095947265625
0.00016188621520996094
0.0001659393310546875
0.00016021728515625
0.00016260147094726562
0.00016307830810546875
0.00016450881958007812
0.00016188621520996094
0.0001621246337890625
0.00016260147094726562
0.00016117095947265625
0.00015926361083984375
0.00016307830810546875
0.000164031982421875
0.0001614093780517578
0.0001621246337890625
0.00016307830810546875
0.00016021728515625
0.00016045570373535156
0.00017976760864257812
0.00016355514526367188
0.00016355514526367188
0.0001628398895263672
0.000164031982421875
0.00016236305236816406
0.00016546249389648438
0.0001647472381591797
0.00016307830810546875
0.00016260147094726562
0.0001628398895263672
0.00016355514526367188
0.00016117095947265625
0.00016117095947265625
0.0001614093780517578
0.000164031982421875
0.00016570091247558594
0.00016236305236816406
0.0001621246337890625
0.00016379356384277344
0.00015974044799804688
0.0001633167266845703
0.0001609325408935547
0.0001590251922607422
0.00016188621520996094
0.0001685619354248047
0.00016164779663085938
0.00016117095947265625
0.00016307830810546875
0.0001614093780517578
0.00015997886657714844
0.00015997886657714844
0.00015997886657714844
0.00015974044799804688
0.00015974044799804688
0.00016117095947265625
0.00016117095947265625
0.00016021728515625
0.00016069412231445312
0.00016021728515625
0.00015974044799804688
0.00016164779663085938
0.00016045570373535156
0.00015997886657714844
0.00016450881958007812
0.00016355514526367188
0.0001614093780517578
0.00016164779663085938
0.00016164779663085938
0.00018095970153808594
0.0001685619354248047
0.00016570091247558594
0.00016260147094726562
0.00016021728515625
0.00016069412231445312
0.00016188621520996094
0.0001614093780517578
0.00016021728515625
0.0001621246337890625
0.0001595020294189453
0.0001590251922607422
0.00016021728515625
0.00015974044799804688
0.00016045570373535156
0.00016069412231445312
0.00015997886657714844
0.00016164779663085938
0.00016117095947265625
0.00016117095947265625
0.000164031982421875
0.0001633167266845703
0.0001609325408935547
0.00016307830810546875
0.0001652240753173828
0.0001690387725830078
0.0001609325408935547
0.00016069412231445312
0.0001609325408935547
0.0001590251922607422
0.00016236305236816406
0.0001614093780517578
0.00016117095947265625
0.00016260147094726562
0.0001614093780517578
0.0001595020294189453
0.0001621246337890625
0.0001621246337890625
0.00016450881958007812
0.000164031982421875
0.0001621246337890625
0.00016117095947265625
0.0001609325408935547
0.00016260147094726562
0.00016164779663085938
0.0001614093780517578
0.00016307830810546875
0.0001614093780517578
0.00016188621520996094
0.0001690387725830078
0.000164031982421875
0.00016355514526367188
0.0001621246337890625
0.000164031982421875
0.00016307830810546875
0.00016045570373535156
0.00016188621520996094
0.00016188621520996094
0.00016188621520996094
0.0001628398895263672
0.0001614093780517578
0.0001647472381591797
0.00016355514526367188
0.00016427040100097656
0.00016188621520996094
0.00016069412231445312
0.00016045570373535156
0.00016069412231445312
0.0001621246337890625
0.00015974044799804688
0.00016021728515625
0.00015926361083984375
0.00015997886657714844
0.0001595020294189453
0.00017523765563964844
0.00016164779663085938
0.0001609325408935547
0.0001590251922607422
0.0001621246337890625
0.0001633167266845703
0.0001628398895263672
0.00016117095947265625
0.0001614093780517578
0.0001621246337890625
0.00016164779663085938
0.00016069412231445312
0.00016188621520996094
0.00016069412231445312
0.0001609325408935547
0.0001595020294189453
0.00016117095947265625
0.00016164779663085938
0.00016355514526367188
0.00016427040100097656
0.0001628398895263672
0.00016021728515625
0.00016117095947265625
0.00016117095947265625
0.0001633167266845703
0.00017333030700683594
0.00016164779663085938
0.00016379356384277344
0.00016021728515625
0.00016021728515625
0.00015974044799804688
0.00016307830810546875
0.00016188621520996094
0.0001595020294189453
0.00015997886657714844
0.0001621246337890625
0.00016117095947265625
0.00015926361083984375
0.00015926361083984375
0.00015878677368164062
0.00016117095947265625
0.00016117095947265625
0.00016021728515625
0.00016069412231445312
0.0001614093780517578
0.00016069412231445312
0.00016641616821289062
0.0001633167266845703
0.0001633167266845703
0.0001690387725830078
0.0001633167266845703
0.00016164779663085938
0.00016188621520996094
0.00016188621520996094
0.00016188621520996094
0.00016188621520996094
0.00016021728515625
0.00016164779663085938
0.00016236305236816406
0.00015974044799804688
0.00016117095947265625
0.00016260147094726562
0.00016188621520996094
0.00016188621520996094
0.00016117095947265625
0.00015974044799804688
0.0001595020294189453
0.00015997886657714844
0.0001595020294189453
0.0001609325408935547
0.00015926361083984375
0.00015926361083984375
0.0001590251922607422
0.00015997886657714844
0.00017881393432617188
0.00016450881958007812
0.0001614093780517578
0.0001614093780517578
0.00016117095947265625
0.0001609325408935547
0.00016045570373535156
0.00016188621520996094
0.00016236305236816406
0.00016021728515625
0.00016260147094726562
0.0001614093780517578
0.00015974044799804688
0.00015974044799804688
0.0001614093780517578
0.00016427040100097656
0.0001633167266845703
0.00016260147094726562
0.00016355514526367188
0.0001621246337890625
0.00016117095947265625
0.00016069412231445312
0.00016021728515625
0.0001621246337890625
0.000171661376953125
0.00016355514526367188
0.00016355514526367188
0.00016236305236816406
0.00016355514526367188
0.00016570091247558594
0.00016307830810546875
0.00016236305236816406
0.00016045570373535156
0.0001609325408935547
0.00016188621520996094
0.00016069412231445312
0.00016236305236816406
0.00016021728515625
0.00015974044799804688
0.0001595020294189453
0.00016021728515625
0.0001621246337890625
0.0001609325408935547
0.00016188621520996094
0.00016045570373535156
0.0001628398895263672
0.00015997886657714844
0.00015926361083984375
0.00016021728515625
0.00018095970153808594
0.00016498565673828125
0.00016307830810546875
0.00016117095947265625
0.00016045570373535156
0.00016045570373535156
0.00016045570373535156
0.00016164779663085938
0.0001633167266845703
0.0001633167266845703
0.0001633167266845703
0.00016379356384277344
0.00016069412231445312
0.00016164779663085938
0.00016188621520996094
0.00016188621520996094
0.00016069412231445312
0.00016117095947265625
0.00016117095947265625
0.00016164779663085938
0.00016021728515625
0.00016069412231445312
0.00016164779663085938
0.0001633167266845703
0.00016164779663085938
0.00016760826110839844
0.000164031982421875
0.00016164779663085938
0.0001595020294189453
0.0001621246337890625
0.00016188621520996094
0.00015926361083984375
0.0001609325408935547
0.00016164779663085938
0.00015878677368164062
0.00016069412231445312
0.00016045570373535156
0.00016117095947265625
0.00016379356384277344
0.00016069412231445312
0.0001621246337890625
0.00015997886657714844
0.00016069412231445312
0.00016117095947265625
0.00015997886657714844
0.00015854835510253906
0.0001590251922607422
0.00016021728515625
0.00015974044799804688
0.0001652240753173828
0.00016450881958007812
0.0001609325408935547
0.00016117095947265625
0.00016069412231445312
0.00015997886657714844
0.00016164779663085938
0.00016117095947265625
0.00016355514526367188
0.00016260147094726562
0.0001628398895263672
0.0001621246337890625
0.00016069412231445312
0.0001583099365234375
0.00016021728515625
0.00016045570373535156
0.0001609325408935547
0.00016021728515625
0.00016379356384277344
0.0001628398895263672
0.00016188621520996094
0.00016021728515625
0.00015974044799804688
0.00015997886657714844
0.00015926361083984375
0.00017571449279785156
0.00016379356384277344
0.00016450881958007812
0.00016021728515625
0.00015997886657714844
0.00015974044799804688
0.00016498565673828125
0.0001628398895263672
0.0001614093780517578
0.00015974044799804688
0.0001621246337890625
0.00015974044799804688
0.00015854835510253906
0.00016021728515625
0.0001609325408935547
0.00015997886657714844
0.00015926361083984375
0.00016355514526367188
0.00016117095947265625
0.00016355514526367188
0.0001614093780517578
0.00016021728515625
0.00016570091247558594
0.00016117095947265625
0.0001609325408935547
0.00016760826110839844
0.0001659393310546875
0.0001633167266845703
0.00016307830810546875
0.0001628398895263672
0.00016069412231445312
0.00016164779663085938
0.00016164779663085938
0.00016045570373535156
0.0001614093780517578
0.0001614093780517578
0.00016045570373535156
0.0001614093780517578
0.0001590251922607422
0.00016021728515625
0.00015997886657714844
0.0001614093780517578
0.00015854835510253906
0.00015926361083984375
0.00015854835510253906
0.0001595020294189453
0.00016164779663085938
0.00016069412231445312
0.00016021728515625
0.000171661376953125
0.00016570091247558594
0.00016260147094726562
0.0001609325408935547
0.0001609325408935547
0.0001595020294189453
0.00016021728515625
0.00016117095947265625
0.0001595020294189453
0.00015974044799804688
0.00016164779663085938
0.00016236305236816406
0.00016379356384277344
0.00016379356384277344
0.00016188621520996094
0.00016260147094726562
0.00016260147094726562
0.00016117095947265625
0.00016164779663085938
0.00016069412231445312
0.0001628398895263672
0.0001621246337890625
0.00016069412231445312
0.00016188621520996094
0.00015997886657714844
0.0001697540283203125
0.0001609325408935547
0.00016045570373535156
0.00016021728515625
0.00016307830810546875
0.00016045570373535156
0.00016236305236816406
0.00016188621520996094
0.00016188621520996094
0.00016236305236816406
0.00016021728515625
0.00016045570373535156
0.00016379356384277344
0.00016379356384277344
0.00016188621520996094
0.00016260147094726562
0.00016021728515625
0.0001614093780517578
0.00015926361083984375
0.00016021728515625
0.00016117095947265625
0.00016069412231445312
0.00015974044799804688
0.00016117095947265625
0.00017380714416503906
0.00016546249389648438
0.0001633167266845703
0.00016021728515625
0.00016164779663085938
0.00016164779663085938
0.0001621246337890625
0.0001621246337890625
0.0001628398895263672
0.0001614093780517578
0.000164031982421875
0.00016164779663085938
0.00016260147094726562
0.00016570091247558594
0.00016307830810546875
0.0001621246337890625
0.00016427040100097656
0.0001628398895263672
0.00016117095947265625
0.00015997886657714844
0.00016188621520996094
0.00016021728515625
0.0001609325408935547
0.00016021728515625
0.00016069412231445312
0.0001678466796875
0.00016260147094726562
0.0001633167266845703
0.00016117095947265625
0.00016021728515625
0.00015997886657714844
0.0001609325408935547
0.00015878677368164062
0.00015926361083984375
0.00016117095947265625
0.00016117095947265625
0.00015974044799804688
0.00016117095947265625
0.00015783309936523438
0.00016236305236816406
0.00015878677368164062
0.0001595020294189453
0.00016069412231445312
0.00015926361083984375
0.00015878677368164062
0.00016069412231445312
0.0001628398895263672
0.00016188621520996094
0.0001609325408935547
0.0001614093780517578
0.00017762184143066406
0.00016164779663085938
0.00016188621520996094
0.00016045570373535156
0.0001614093780517578
0.00016188621520996094
0.00016546249389648438
0.000164031982421875
0.0001621246337890625
0.00016045570373535156
0.00016307830810546875
0.0001628398895263672
0.00016164779663085938
0.00016164779663085938
0.0001595020294189453
0.000164031982421875
0.00016164779663085938
0.00016355514526367188
0.00016164779663085938
0.00016188621520996094
0.0001647472381591797
0.00016260147094726562
0.00016188621520996094
0.0001609325408935547
0.0001957416534423828
0.00016236305236816406
0.0001614093780517578
0.00016236305236816406
0.0001628398895263672
0.0001628398895263672
0.00016069412231445312
0.00016570091247558594
0.00016164779663085938
0.00015997886657714844
0.0001621246337890625
0.00016021728515625
0.00015878677368164062
0.00016260147094726562
0.00016379356384277344
0.00016236305236816406
0.00016355514526367188
0.00016260147094726562
0.00016188621520996094
0.00016498565673828125
0.00016307830810546875
0.00016164779663085938
0.0001888275146484375
0.0001857280731201172
0.00016951560974121094
0.00016808509826660156
0.00016498565673828125
0.0001652240753173828
0.000164031982421875
0.0001659393310546875
0.0001633167266845703
0.0001609325408935547
0.00016164779663085938
0.0001628398895263672
0.00016188621520996094
0.00016307830810546875
0.0001614093780517578
0.0001609325408935547
0.00016069412231445312
0.00016021728515625
0.00016164779663085938
0.0001609325408935547
0.00016069412231445312
0.0001595020294189453
0.00016236305236816406
0.00016021728515625
0.00016069412231445312
0.00016045570373535156
0.00016736984252929688
0.00016117095947265625
0.00016021728515625
0.00016021728515625
0.0001614093780517578
0.00016045570373535156
0.0001590251922607422
0.00015997886657714844
0.0001614093780517578
0.0001621246337890625
0.0001647472381591797
0.000164031982421875
0.00016164779663085938
0.00016069412231445312
0.0001609325408935547
0.00016069412231445312
0.0001628398895263672
0.00016164779663085938
0.0001614093780517578
0.00016355514526367188
0.0001609325408935547
0.00016045570373535156
0.00015926361083984375
0.00015974044799804688
0.0001690387725830078
0.00016117095947265625
0.00016427040100097656
0.00016117095947265625
0.0001621246337890625
0.0001614093780517578
0.0001614093780517578
0.00016045570373535156
0.0001595020294189453
0.00015974044799804688
0.0001614093780517578
0.00016188621520996094
0.0001614093780517578
0.00016045570373535156
0.00015926361083984375
0.00015878677368164062
0.00015807151794433594
0.00016045570373535156
0.00016307830810546875
0.00015974044799804688
0.000164031982421875
0.0001595020294189453
0.00015974044799804688
0.00016069412231445312
0.00015878677368164062
0.00017642974853515625
0.00016379356384277344
0.00016427040100097656
0.00016355514526367188
0.00016117095947265625
0.00016045570373535156
0.00016069412231445312
0.00016045570373535156
0.00016021728515625
0.00016021728515625
0.0001614093780517578
0.0001609325408935547
0.00015997886657714844
0.0001609325408935547
0.0001595020294189453
0.0001595020294189453
0.00015854835510253906
0.00015974044799804688
0.00015807151794433594
0.00015926361083984375
0.00015807151794433594
0.0001595020294189453
0.0001609325408935547
0.00015878677368164062
0.0001590251922607422
0.00016570091247558594
0.0001621246337890625
0.00016236305236816406
0.00015926361083984375
0.0001583099365234375
0.00016069412231445312
0.0001590251922607422
0.00016236305236816406
0.00015735626220703125
0.00015926361083984375
0.00016069412231445312
0.0001590251922607422
0.00015974044799804688
0.0001583099365234375
0.0001595020294189453
0.0001583099365234375
0.00015926361083984375
0.00016236305236816406
0.00016045570373535156
0.00016117095947265625
0.0001621246337890625
0.0001609325408935547
0.00015997886657714844
0.00016045570373535156
0.0001595020294189453
0.00017523765563964844
0.00016117095947265625
0.0001595020294189453
0.00016021728515625
0.00016379356384277344
0.00015997886657714844
0.00016188621520996094
0.00016188621520996094
0.0001621246337890625
0.00016236305236816406
0.00016069412231445312
0.00016045570373535156
0.00015974044799804688
0.00015974044799804688
0.0001590251922607422
0.0001590251922607422
0.00016069412231445312
0.00015926361083984375
0.00016021728515625
0.00016164779663085938
0.00016021728515625
0.0001614093780517578
0.00015878677368164062
0.00015926361083984375
0.00016498565673828125
0.00016450881958007812
0.00016117095947265625
0.0001614093780517578
0.00015926361083984375
0.00015854835510253906
0.00015783309936523438
0.0001628398895263672
0.00015926361083984375
0.00015854835510253906
0.00016021728515625
0.00016355514526367188
0.0001609325408935547
0.00016164779663085938
0.00016069412231445312
0.00016117095947265625
0.00016069412231445312
0.0001614093780517578
0.0001614093780517578
0.0001595020294189453
0.00016045570373535156
0.0001621246337890625
0.00016498565673828125
0.00016045570373535156
0.00016069412231445312
0.00017523765563964844
0.00016307830810546875
0.00016069412231445312
0.00016117095947265625
0.0001595020294189453
0.00015997886657714844
0.00015926361083984375
0.00016069412231445312
0.00015997886657714844
0.00016069412231445312
0.00016117095947265625
0.00015997886657714844
0.00015854835510253906
0.00016045570373535156
0.00015974044799804688
0.0001595020294189453
0.00016069412231445312
0.0001590251922607422
0.00015997886657714844
0.0001595020294189453
0.0001583099365234375
0.00015854835510253906
0.0001595020294189453
0.00016045570373535156
0.00015974044799804688
0.00016880035400390625
0.00016236305236816406
0.00016164779663085938
0.00016307830810546875
0.00016188621520996094
0.000164031982421875
0.0001628398895263672
0.0001633167266845703
0.00016164779663085938
0.0001621246337890625
0.0001628398895263672
0.0001614093780517578
0.0001609325408935547
0.00016117095947265625
0.00016021728515625
0.00016069412231445312
0.0001628398895263672
0.0001633167266845703
0.00016188621520996094
0.0001614093780517578
0.00016117095947265625
0.00016021728515625
0.0001609325408935547
0.00015997886657714844
0.0001595020294189453
0.0001766681671142578
0.00016045570373535156
0.00016236305236816406
0.00015926361083984375
0.00016069412231445312
0.00016045570373535156
0.00015854835510253906
0.0001609325408935547
0.00015878677368164062
0.00015926361083984375
0.0001590251922607422
0.0001583099365234375
0.00015807151794433594
0.00016021728515625
0.00015974044799804688
0.00015926361083984375
0.00015926361083984375
0.0001595020294189453
0.00015974044799804688
0.00015878677368164062
0.0001659393310546875
0.00016236305236816406
0.00016164779663085938
0.00016188621520996094
0.0001735687255859375
0.00016260147094726562
0.00016307830810546875
0.00016164779663085938
0.00016045570373535156
0.00016236305236816406
0.00016045570373535156
0.0001609325408935547
0.00015974044799804688
0.00015974044799804688
0.00016260147094726562
0.00016117095947265625
0.00016236305236816406
0.0001609325408935547
0.00015974044799804688
0.00015974044799804688
0.00016045570373535156
0.0001621246337890625
0.0001590251922607422
0.00015854835510253906
0.00015854835510253906
0.0001590251922607422
0.00015997886657714844
0.00015854835510253906
0.00015783309936523438
0.00016641616821289062
0.00016021728515625
0.00015974044799804688
0.00016021728515625
0.0001595020294189453
0.0001609325408935547
0.0001595020294189453
0.00015878677368164062
0.0001614093780517578
0.00015926361083984375
0.00015926361083984375
0.0001595020294189453
0.00016069412231445312
0.00016498565673828125
0.00016117095947265625
0.00016117095947265625
0.00016260147094726562
0.0001609325408935547
0.0001621246337890625
0.00015878677368164062
0.00015926361083984375
0.00015926361083984375
0.00016045570373535156
0.00016021728515625
0.00015974044799804688
0.00017547607421875
0.00015974044799804688
0.00016045570373535156
0.00016069412231445312
0.00016069412231445312
0.0001583099365234375
0.00016069412231445312
0.00015926361083984375
0.00016117095947265625
0.00015854835510253906
0.00016021728515625
0.00016021728515625
0.0001583099365234375
0.00016117095947265625
0.00016069412231445312
0.00016021728515625
0.00016045570373535156
0.00015926361083984375
0.0001583099365234375
0.00015878677368164062
0.0001583099365234375
0.0001595020294189453
0.0001583099365234375
0.00015878677368164062
0.00015974044799804688
0.00016617774963378906
0.00015854835510253906
0.00016236305236816406
0.00015926361083984375
0.00016021728515625
0.00016164779663085938
0.00015997886657714844
0.00015974044799804688
0.00016117095947265625
0.0001609325408935547
0.0001621246337890625
0.0001621246337890625
0.00016117095947265625
0.0001621246337890625
0.00016164779663085938
0.00015974044799804688
0.00016260147094726562
0.00016498565673828125
0.00016069412231445312
0.00016498565673828125
0.00015974044799804688
0.00015926361083984375
0.0001659393310546875
0.00016379356384277344
0.00017333030700683594
0.00016379356384277344
0.00016236305236816406
0.00016117095947265625
0.00016188621520996094
0.00015974044799804688
0.0001614093780517578
0.00015926361083984375
0.00016117095947265625
0.0001595020294189453
0.0001595020294189453
0.00016164779663085938
0.00015997886657714844
0.0001609325408935547
0.00015974044799804688
0.00015974044799804688
0.00015997886657714844
0.00016069412231445312
0.00016045570373535156
0.0001590251922607422
0.0001590251922607422
0.00015878677368164062
0.00016045570373535156
0.00016307830810546875
0.00015997886657714844
0.00016880035400390625
0.00015974044799804688
0.00016021728515625
0.0001595020294189453
0.00016117095947265625
0.0001583099365234375
0.00016021728515625
0.00016164779663085938
0.00016164779663085938
0.00016164779663085938
0.00015926361083984375
0.0001595020294189453
0.00015997886657714844
0.00016069412231445312
0.00015926361083984375
0.0001595020294189453
0.0001575946807861328
0.00015926361083984375
0.0001590251922607422
0.00015878677368164062
0.00015878677368164062
0.00016427040100097656
0.00016236305236816406
0.0001614093780517578
0.0001614093780517578
0.0001804828643798828
0.0001652240753173828
0.00016260147094726562
0.0001614093780517578
0.00016355514526367188
0.00016069412231445312
0.00016188621520996094
0.00015974044799804688
0.00016307830810546875
0.00016045570373535156
0.00016021728515625
0.0001614093780517578
0.00015854835510253906
0.00015974044799804688
0.00016045570373535156
0.0001633167266845703
0.00016570091247558594
0.00015997886657714844
0.00015878677368164062
0.0001628398895263672
0.0001628398895263672
0.00016641616821289062
0.0001633167266845703
0.0001647472381591797
0.00016927719116210938
0.00016450881958007812
0.00016498565673828125
0.00016188621520996094
0.0001621246337890625
0.00016546249389648438
0.00016307830810546875
0.00016236305236816406
0.0001621246337890625
0.0001609325408935547
0.00016307830810546875
0.00016379356384277344
0.00016236305236816406
0.00016379356384277344
0.00016355514526367188
0.0001633167266845703
0.00016570091247558594
0.000164031982421875
0.00016236305236816406
0.00016236305236816406
0.00016307830810546875
0.00016188621520996094
0.00016188621520996094
0.00016117095947265625
0.00016236305236816406
0.000171661376953125
0.00016427040100097656
0.00016427040100097656
0.00016307830810546875
0.0001614093780517578
0.00016450881958007812
0.0001652240753173828
0.00016355514526367188
0.0001666545867919922
0.00015974044799804688
0.00016307830810546875
0.00016450881958007812
0.0001614093780517578
0.00016546249389648438
0.000164031982421875
0.00016570091247558594
0.00016260147094726562
0.0001659393310546875
0.0001614093780517578
0.0001614093780517578
0.00016045570373535156
0.00016117095947265625
0.00016427040100097656
0.00016355514526367188
0.00018095970153808594
0.0001647472381591797
0.0001621246337890625
0.00016164779663085938
0.0001621246337890625
0.00016045570373535156
0.00016307830810546875
0.00016379356384277344
0.00016307830810546875
0.00016117095947265625
0.00016188621520996094
0.0001614093780517578
0.00016188621520996094
0.00016117095947265625
0.00016260147094726562
0.00016164779663085938
0.00016450881958007812
0.00016069412231445312
0.0001595020294189453
0.00016069412231445312
0.00016307830810546875
0.00016069412231445312
0.0001614093780517578
0.00016045570373535156
0.000164031982421875
0.00017333030700683594
0.00016498565673828125
0.0001647472381591797
0.0001628398895263672
0.00016164779663085938
0.00016355514526367188
0.0001628398895263672
0.00016260147094726562
0.00016164779663085938
0.00016188621520996094
0.0001609325408935547
0.00016069412231445312
0.0001609325408935547
0.0001621246337890625
0.00016069412231445312
0.000164031982421875
0.0001614093780517578
0.0001621246337890625
0.00016236305236816406
0.00016164779663085938
0.00015926361083984375
0.00015878677368164062
0.0001595020294189453
0.0001595020294189453
0.00016760826110839844
0.0001628398895263672
0.00016045570373535156
0.00016045570373535156
0.0001614093780517578
0.00015974044799804688
0.0001609325408935547
0.0001614093780517578
0.00016045570373535156
0.0001595020294189453
0.00015926361083984375
0.00015878677368164062
0.00016117095947265625
0.00016069412231445312
0.00015926361083984375
0.00015974044799804688
0.0001590251922607422
0.0001590251922607422
0.00015997886657714844
0.00016260147094726562
0.00016021728515625
0.00016069412231445312
0.0001590251922607422
0.00016164779663085938
0.00016069412231445312
0.00017762184143066406
0.00016236305236816406
0.00015974044799804688
0.00016117095947265625
0.00015997886657714844
0.00016164779663085938
0.00016045570373535156
0.0001595020294189453
0.00016045570373535156
0.00015926361083984375
0.00016021728515625
0.00016021728515625
0.00016117095947265625
0.00015974044799804688
0.00016164779663085938
0.00016021728515625
0.0001621246337890625
0.00016021728515625
0.00015854835510253906
0.00015997886657714844
0.00016069412231445312
0.00015878677368164062
0.00015854835510253906
0.0001595020294189453
0.0001609325408935547
0.00016736984252929688
0.0001609325408935547
0.00015997886657714844
0.00015974044799804688
0.00016069412231445312
0.00016117095947265625
0.0001595020294189453
0.0001590251922607422
0.00015807151794433594
0.00015878677368164062
0.00015878677368164062
0.00016117095947265625
0.0001628398895263672
0.00016379356384277344
0.00016188621520996094
0.00016260147094726562
0.00016069412231445312
0.0001628398895263672
0.0001614093780517578
0.00015974044799804688
0.00016498565673828125
0.0001628398895263672
0.00016117095947265625
0.00015997886657714844
0.00020503997802734375
0.00016617774963378906
0.00016045570373535156
0.00016188621520996094
0.0001614093780517578
0.00016069412231445312
0.00016260147094726562
0.00015997886657714844
0.00016021728515625
0.0001590251922607422
0.00015974044799804688
0.00015854835510253906
0.00016117095947265625
0.00015878677368164062
0.00015854835510253906
0.00015878677368164062
0.00015926361083984375
0.00015974044799804688
0.00015974044799804688
0.0001595020294189453
0.00016069412231445312
0.00016117095947265625
0.00016117095947265625
0.0001926422119140625
0.000194549560546875
0.0001671314239501953
0.00016760826110839844
0.00017070770263671875
0.0001666545867919922
0.00016498565673828125
0.00016736984252929688
0.0001652240753173828
0.0001647472381591797
0.0001652240753173828
0.00016427040100097656
0.00016355514526367188
0.0001628398895263672
0.00016236305236816406
0.0001628398895263672
0.00016188621520996094
0.0001628398895263672
0.0001621246337890625
0.00016307830810546875
0.000164031982421875
0.00016307830810546875
0.0001614093780517578
0.00016021728515625
0.00015997886657714844
0.00017762184143066406
0.000164031982421875
0.00016498565673828125
0.00016117095947265625
0.00016450881958007812
0.00016260147094726562
0.00016117095947265625
0.00016069412231445312
0.00015974044799804688
0.00016307830810546875
0.00016188621520996094
0.000164031982421875
0.0001633167266845703
0.00016236305236816406
0.00016117095947265625
0.0001595020294189453
0.0001614093780517578
0.0001609325408935547
0.00016021728515625
0.00016069412231445312
