0.9999999811081912
0.9999999217930304
0.9999998770310187
0.9999999875866705
0.9999999170718055
0.9999999541690278
0.9999999945678929
0.9999999549040093
0.9999998794691859
0.9999999068438594
0.9999999658272333
0.9999999168270699
0.9999998929171794
0.9999999952197742
0.9999999257332556
0.9999999139365836
0.9999999828200056
0.9999999413283528
0.9999999251811221
0.9999999522036517
0.9999999516773636
0.9999999312588816
0.9999999224505657
0.9999998898970743
0.9999999705049191
0.9999999652380197
0.9999999959578394
0.9999999493751249
0.9999998965752952
0.9999999399044568
0.9999999521549043
0.999999902167168
0.9999999977676042
0.9999999437870941
0.999999875393317
0.9999999793809761
0.999999955369923
0.9999999164224477
0.9999999024854688
0.999999975266453
0.9999999439134531
0.9999998870788608
0.9999999416396774
0.9999998897256713
0.9999999956618303
0.9999999896178535
0.9999999746330207
0.9999998893784131
0.9999999086276385
0.9999999220086787
0.9999999578253039
0.9999998621298948
0.9999998826158463
0.9999999973488004
0.999999989859334
0.9999999850219855
0.999999997263909
0.9999999166752627
0.9999999425774745
0.9999999226837828
0.9999998597368378
0.999999937734339
0.9999998768897996
0.9999999485843634
0.9999999225705074
0.9999998859853716
0.9999999934034626
0.9999999078027966
0.9999998604202498
0.9999999443471579
0.9999998666800571
0.9999999919260641
0.9999999667497692
0.999999923060894
0.9999999543917193
0.999999921318569
0.9999999708011971
0.9999999328194359
0.9999999834969026
0.9999999507428804
0.9999999663033794
0.9999999581644381
0.9999999326062045
0.9999999109916785
0.9999999061050072
0.9999999729341518
0.9999999073579776
0.9999998466283682
0.9999999604049971
0.9999999107740998
0.9999998809999733
0.9999999820868403
0.9999999543491281
0.9999999080291309
0.9999999917251687
0.9999999629741684
0.999999920213977
0.999999942147784
0.9999999843836507
0.9999999822303363
0.9999999624553217
0.9999999343269781
0.9999998917021942
0.9999999713749187
0.9999999474825213
0.9999999206832028
0.9999998900707231
0.9999999418532665
0.9999999327430563
0.9999999763626962
0.9999999550209252
0.9999999572856171
0.9999999496211966
0.9999999185947649
0.9999999436770872
0.9999998652832008
0.9999999273301167
0.9999999140355889
0.9999999991431978
0.9999999382120216
0.9999999188951243
0.9999999293883866
0.999999995487145
0.9999999825509385
0.9999999622438535
0.99999994211051
0.9999999473561834
0.9999999983284349
0.999999964576498
0.9999999048028456
0.999999931248024
0.9999999637333375
0.9999999440265477
0.9999999519866171
0.9999999199234105
0.9999999108163944
0.9999999521936561
0.9999999227575299
0.9999999156144548
0.9999999128604649
0.9999999979826414
0.999999931474776
0.999999986404682
0.9999999712214144
0.9999999813565663
0.9999998963965676
0.9999998989704844
0.9999999291922658
0.9999999533589368
0.9999998826293248
0.9999999860842886
0.9999999197475987
0.9999999202003446
0.9999999722256718
0.999999966232817
0.9999999916608459
0.9999999992671219
0.999999998604464
0.9999999030108327
0.9999998935039421
0.9999999416639322
0.9999999293883863
0.9999999499743198
0.9999998183067306
0.9999999796463631
0.9999999557385133
0.999999900763869
0.9999999569513536
0.9999998691812023
0.9999998914133322
0.9999999846260702
0.9999999111074652
0.9999999449616224
0.9999999281290344
0.9999999872113013
0.9999999416386066
0.999999880310845
0.999999954619885
0.9999999114044044
0.9999999901282475
0.9999999644961659
0.9999998904889936
0.9999999602635717
0.9999999748651479
0.9999999669729124
0.9999999902859292
0.9999999655561822
0.9999999070456994
0.999999916664512
0.9999999185784012
0.9999999231267257
0.9999999756164009
0.9999998716564386
0.9999999237146885
0.9999999231451128
0.9999999958677617
0.9999999909867496
0.9999999927454994
0.9999999646854206
0.9999999977048537
0.9999998877347047
0.9999999309979479
0.9999999454642814
0.9999999888743792
0.9999999332782133
0.9999999954896953
0.9999999741926756
0.9999999369083734
0.9999999979543747
0.9999999742949691
0.9999999565639558
0.9999999162502137
0.9999998964021394
0.9999998841732901
0.999999918720084
0.9999999985865093
0.9999999395807341
0.9999999515184536
0.9999999426342401
0.9999999693774312
0.9999999265955103
0.9999999566727495
0.999999970961273
0.9999999794721695
0.9999998647301704
0.9999999373873835
0.9999999391812726
0.9999999611022469
0.9999999338538819
0.9999999715667346
0.9999999652609665
0.9999999140289619
0.9999999193009379
0.9999999934400298
0.9999999749490479
0.9999999236878003
0.999999904745975
0.999999897572852
0.9999999737020097
0.9999999553409399
0.9999999601530543
0.9999998781017939
0.9999999041957575
0.9999998646012097
0.9999998800031733
0.9999998755126172
0.9999999892382389
0.9999999408247487
0.9999999781240242
0.9999999945678928
0.9999999430154947
0.9999999788997457
0.9999999069943165
0.9999999740529756
0.9999999615221565
0.9999999693840808
0.9999999504821677
0.9999998955579179
0.9999999557139223
0.9999999988983354
0.9999999558593042
0.999999923261862
0.9999999994321572
0.9999998992863389
0.9999999109758432
0.9999999543846849
0.9999999803308373
0.9999999219557684
0.9999999733784938
0.9999999924562634
0.9999999429059556
0.9999999493099343
0.999999953620704
0.9999999202645663
0.9999999934007633
0.9999998808392692
0.9999999089038534
0.9999999584990766
0.9999999656943503
0.9999999735276637
0.9999998945244165
0.9999999409645173
0.9999999560536165
0.9999999730578097
0.9999998966461437
0.9999998940635465
0.9999999345452248
0.9999999780247574
0.9999999255247184
0.9999999412429667
0.9999999427020269
0.9999999702527208
0.9999999287373732
0.9999999921011542
0.9999998829007338
0.9999998938956575
0.9999998858963609
0.9999999369083734
0.9999998933479941
0.9999999460552034
0.9999998992496927
0.999999901210321
0.9999999120584137
0.9999999710292647
0.9999999697810918
0.9999999755428033
0.9999999990315218
0.9999999363712635
0.9999998831186638
0.9999999659781083
0.9999999843273395
0.9999999882693864
0.9999998822120518
0.9999999321929374
0.9999998883188725
0.9999999052316874
0.9999999661144987
0.9999999298967841
0.9999999831667457
0.9999999686652935
0.9999999637911157
0.9999999197336547
0.99999987119884
0.9999998907836642
0.9999999349615464
0.9999999379972326
0.9999999839716184
0.9999999932722387
0.999999948595997
0.9999999316698328
0.9999999902576904
0.9999999929392246
0.9999998977364044
0.9999999011209667
0.999999942383255
0.9999999594053672
0.999999934862984
0.9999999150376563
0.9999999029722091
0.9999999713716722
0.9999999943444465
0.9999999751081347
0.9999998960941169
0.999999903231988
0.9999999461989797
0.9999999444227915
0.9999999067404227
0.9999999766197094
0.9999998660496138
0.9999999104340103
0.9999999549851382
0.9999998744513314
0.9999999915616994
0.9999999116394486
0.9999999098870526
0.9999998762030551
0.9999999097099336
0.999999923261862
0.9999998685573026
0.9999999213262785
0.99999987119884
0.9999999628582554
0.9999999099880574
0.9999999196812044
0.999999871165005
0.9999998972075372
0.9999998940661561
0.9999999009689255
0.9999999540367401
0.9999999293117205
0.9999998958506815
0.9999999470668762
0.9999999323166809
0.9999999350673152
0.9999999579846849
0.9999999404032501
0.999999992715575
0.9999999834802491
0.9999998989108196
0.9999999341893484
0.9999999199554903
0.9999999513585436
0.9999999933163721
0.9999999294970638
0.9999999681853573
0.9999998914867727
0.9999999164599158
0.999999878101794
0.9999999593629274
0.9999999905482035
0.9999999737144697
0.999999909155273
0.9999999386227902
0.9999999690623218
0.9999999996766109
0.9999999067789755
0.9999999516285502
0.9999999910820878
0.9999999695000679
0.9999999954556538
0.9999999848552422
0.9999999986696453
0.999999945709008
0.9999999554464701
0.9999999105461377
0.9999999724379885
0.99999996635654
0.9999998936807669
0.9999999602077088
0.9999999308733343
0.9999999189232117
0.9999999812939374
0.9999999109916785
0.9999999013725058
0.999999896320604
0.9999999505311145
0.999999961004424
0.9999999480836531
0.9999998783917807
0.9999999705049188
0.9999999124523655
0.999999972518714
0.9999999139967466
0.999999936357903
0.9999999299227307
0.9999999974130128
0.9999999787354377
0.9999999217943674
0.9999999662382573
0.9999999126603561
0.9999999450703962
0.999999882378379
0.999999951319125
0.9999999201778851
0.9999999713242813
0.9999998846847807
0.99999994221344
0.9999999973154841
0.9999999656497452
0.9999999889066471
0.9999999994116299
0.9999999722987617
0.9999999860374877
0.9999999625111072
0.9999999634793788
0.9999999500206368
0.9999999605154468
0.9999999124045279
0.9999999716492228
0.9999999982428847
0.9999999385749866
0.9999999907271757
0.9999999460681647
0.9999999086240304
0.9999999226651274
0.9999999444068349
0.9999999329219945
0.9999999530367454
0.9999999584545874
0.999999898588055
0.9999998965014842
0.9999998752195616
0.999999942458928
0.9999999952416319
0.9999999724064534
0.9999999852188579
0.9999999535919819
0.9999998862865349
0.9999999542955674
0.999999976402797
0.9999999007350805
0.9999999757700009
0.9999998762265372
0.999999932254557
0.9999999597274625
0.999999976022556
0.9999998850511325
0.9999998817091601
0.9999999090186487
0.9999998745609319
0.9999999907951173
0.9999999072761093
0.9999998984670361
0.9999999456761876
0.9999999514871679
0.9999999122695444
0.9999998934320717
0.9999999873951463
0.99999995582255
0.9999998922747179
0.9999999597205212
0.9999999228514322
0.9999999395839603
0.9999999247557204
0.9999999867212839
0.9999999338780999
0.999999896761204
0.9999999199164881
0.9999999210728302
0.9999999718298023
0.9999999715465884
0.9999999861253039
0.9999999061699648
0.9999999941426176
0.9999999838446575
0.999999882401446
0.9999999681448501
0.9999998827295036
0.9999999105500077
0.9999999204289818
0.9999998668284891
0.9999999545121636
0.9999999535142182
0.9999999462112978
0.999999923425482
0.9999999515810044
0.9999999187404255
0.9999999975972935
0.9999998671608038
0.9999999033374254
0.9999999477807592
0.9999999383917234
0.9999999396803632
0.9999999757197493
0.9999999316898752
0.999999948573595
0.9999999380982227
0.9999999639644098
0.9999999006364344
0.9999999180040857
0.9999999887700408
0.9999999384126279
0.9999999388899096
0.9999998945858549
0.9999999047932707
0.9999999507267849
0.9999998756991039
0.9999999573362969
0.9999998982960961
0.9999999030707609
0.999999944304996
0.9999999342244149
0.9999999851687601
0.999999948385699
0.999999955869445
0.9999999432468466
0.999999993988652
0.9999998761789776
0.9999999711592484
0.9999999648415011
0.9999999924436354
0.9999998766167986
0.9999999135456473
0.9999999802887638
0.9999999760908411
0.9999999337826276
0.9999999339707699
0.9999999897177972
0.9999999559822246
0.9999999556594596
0.9999999001061373
0.9999999377937778
0.9999998939002336
0.9999998799201133
0.9999999488207298
0.9999999355695028
0.9999999146088985
0.9999998823265724
0.9999999559495103
0.9999999251293441
0.999999920363129
0.9999999332115899
0.9999999451792452
0.9999998677930582
0.9999999460404807
0.9999999575616019
0.9999999775867074
0.9999999246914805
0.9999999427643489
0.9999999779742971
0.9999999235367569
0.9999999030707609
0.9999999874543165
0.9999999271419935
0.999999924937584
0.9999999822048589
0.9999999769595496
0.9999999393451696
0.9999999608630954
0.9999999139967466
0.9999999453069565
0.9999998795072074
0.9999998724904011
0.9999999328151095
0.9999999759680331
0.9999999693719316
0.9999999282393124
0.9999998814688497
0.9999999432468466
0.9999998900425274
0.9999999610295012
0.9999998835077666
0.9999999312387938
0.9999999362109536
0.999999977795215
0.9999999043443495
0.9999998811410494
0.9999999531443112
0.9999999265541157
0.9999999095296115
0.9999998944712508
0.9999999158287279
0.999999912965119
0.9999999075211679
0.9999999102152141
0.9999999397713235
0.9999998759694144
0.9999999415199745
0.9999999092674569
0.9999999285679926
0.9999999346004496
0.9999999147190993
0.9999998739456889
0.9999999692760243
0.9999999240271708
0.9999998982407085
0.9999999567818978
0.9999999314093209
0.999999995664165
0.9999998696737875
0.9999999966221689
0.9999999115035394
0.9999999413914785
0.9999999588737288
0.9999999252133176
0.9999999154182684
0.9999999375811796
0.9999999686335937
0.9999999452688939
0.999999954199567
0.9999999985375896
0.9999999761674523
0.9999999758668808
0.9999999999216228
0.9999998831251815
0.9999999650659247
0.9999999848864343
0.9999999536056311
0.9999999654828923
0.9999998431620016
0.9999999076352799
0.9999999585055374
0.9999999226685887
0.9999999366988152
0.9999998931780315
0.9999999968708314
0.9999999889882356
0.9999999590816434
0.9999999254721487
0.9999999248680063
0.999999959221168
0.9999999641059815
0.9999999455792616
0.9999999541360369
0.9999998751541952
0.9999999380982226
0.9999999775323759
0.9999999716606097
0.9999999008685647
0.9999999549450659
0.9999999566518575
0.9999999138654884
0.9999998982458835
0.9999999861416109
0.9999999885973194
0.999999928240967
0.9999999126930851
0.9999999073455073
0.9999999070622753
0.999999970504919
0.9999999550199602
0.9999999267319812
0.9999998875894993
0.9999999174123562
0.9999999934267967
0.9999998974289229
0.9999998985362252
0.9999999688882896
0.9999999727034193
0.9999999885474762
0.9999999507254022
0.9999999544906396
0.999999971796989
0.9999999435475271
0.9999999571586701
0.9999999984382326
0.9999999320116361
0.9999999379444687
0.9999999221781343
0.9999999910743694
0.9999999864467721
0.999999890702219
0.9999998771242142
0.9999999585359011
0.9999999831381601
0.9999999220971472
0.9999999214617556
0.9999999700967074
0.9999999682078864
0.9999999713749187
0.9999999963216638
0.9999999280127969
0.9999999257778721
0.9999999883622351
0.9999998888626821
0.999999982179114
0.9999999651192788
0.9999999635715687
0.9999999685366908
0.9999998849657469
0.9999999584766729
0.9999999673851568
0.9999999418117188
0.9999998842371149
0.9999999049411249
0.999999977259885
0.9999998819864092
0.9999999138993422
0.9999999710765821
0.9999999838225548
0.9999999064965024
0.9999998946446487
0.9999999893703791
0.9999999078678689
0.9999999649479577
0.9999999779638272
0.9999999798011495
0.9999999142669223
0.9999999666388006
0.999999966278991
0.999999892496498
0.9999998962265658
0.9999999499317612
0.9999999656856157
0.9999999302050893
0.9999999841793865
0.9999999502389995
0.9999999900327664
0.9999999905482033
0.9999998612238947
0.9999999154238496
0.9999999450608213
0.9999998878901649
0.9999999709013071
0.9999999005260267
0.9999999770252557
0.9999999943380045
0.999999911027477
0.9999999231341298
0.9999998807842381
0.9999999053851951
0.9999999773107797
0.9999999454642815
0.9999998882845663
0.9999999281673368
0.9999999288942003
0.9999999547520145
0.9999999487634723
0.9999999612374302
0.9999999359171444
0.9999999338213069
0.9999999810073039
0.9999999912560527
0.9999999591818783
0.9999999560684751
0.999999904494767
0.999999966689873
0.9999999306830016
0.9999999654329436
0.9999999701453631
0.9999999522984914
0.9999999853145605
0.9999999851201042
0.9999998710847515
0.9999999993657763
0.9999999482312791
0.9999999723290807
0.9999999424166067
0.9999999341800215
0.9999998551586998
0.9999999544333996
0.9999999629780644
0.9999999634994371
0.9999999829258427
0.9999999196916052
0.9999999406561132
0.999999906618915
0.999999914135447
0.9999999830366912
0.9999999437963308
0.9999998956765046
0.9999998999333299
0.9999998931468672
0.999999972066596
0.9999998671067117
0.9999998839757814
0.999999949567178
0.9999999200540416
0.9999999527205645
0.9999999583262779
0.9999999169331963
0.9999999314593814
0.9999998858963609
0.9999999950267074
0.9999999203274661
0.9999999607438449
0.9999999216956043
0.9999999798011495
0.9999999726015507
0.9999999628810872
0.9999999333327279
0.999999940621751
0.9999999867574431
0.9999998624842149
0.9999999596275135
0.9999999682888167
0.9999999770580633
0.999999882474039
0.9999998771146682
0.9999999421216738
0.9999999913334789
0.9999999937101424
0.999999896579808
0.9999999647267062
0.9999999477898065
0.9999998998632172
0.9999999258996775
0.9999999355166874
0.9999999956299732
0.9999999569849887
0.9999999662634637
0.9999999467150763
0.99999997122631
0.9999998902689013
0.9999999011713434
0.9999998823413379
0.9999999450703964
0.9999999928289105
0.9999999942169695
0.9999998757066941
0.9999999781007977
0.9999999875018647
0.9999998987104874
0.9999998747026738
0.9999999727143734
0.9999999301425643
0.9999999606814979
0.9999999280819207
0.9999999733039123
0.9999999735484101
0.9999999229682921
0.9999999419111604
0.9999999457240983
0.9999999589566981
0.999999981091834
0.9999999934692115
0.9999999638254542
0.9999999981083411
0.9999999085119184
0.9999999088621776
0.9999999075597332
0.9999999632412454
0.9999999660883743
0.9999999414093437
0.999999987462159
0.9999998893830742
0.9999999721265614
0.9999999353209112
0.9999999787859082
0.999999939718801
0.9999999461553188
0.9999999044178087
0.999999931474776
0.999999968059437
0.999999945931907
0.999999948347615
0.9999999027533937
0.9999999462718725
0.9999999866740001
0.9999999134633034
0.9999999521549043
0.9999999655788994
0.9999998770639975
0.9999999937766403
0.9999999193993659
0.9999999110429595
0.9999998883131387
0.9999998974154951
0.9999999016538234
0.9999999012246457
0.9999998918146094
0.9999998566931106
0.9999999350150158
0.9999999586212635
0.9999999621733969
0.9999999596321414
0.9999999814974206
0.9999999937781608
0.9999999522555945
0.9999999019770848
0.9999999311016657
0.9999999423403433
0.9999999298942415
0.9999998588439001
0.9999999194238807
0.9999999697946186
0.9999999912853188
0.9999999575802238
0.999999968734693
0.9999999483922873
0.9999999063829796
0.9999999296138787
0.9999999341386355
0.9999999470487395
0.9999999456393027
0.9999998827119162
0.9999998793198054
0.9999999207230993
0.9999999804250432
0.9999999788359708
0.9999998982586961
0.9999999842905614
0.9999999641265874
0.9999999681492057
0.9999999542127006
0.9999999127164114
0.9999999275878855
0.9999999362266502
0.9999999065856865
0.99999993820199
0.9999999721655284
0.9999999061681478
0.9999999656265383
0.9999998952021165
0.9999998910289445
0.999999933624566
0.9999998889064982
0.999999938219861
0.9999999588221894
0.9999999581665816
0.9999999647507192
0.9999999461532892
0.9999999933080003
0.9999999227197455
0.9999998968425993
0.999999875650552
0.9999999249290843
0.99999989472887
0.9999999425178
0.9999999504798871
0.9999999028979628
0.9999999921350404
0.9999999922862076
0.9999999283370211
0.9999999152295362
0.9999999411206272
0.9999999212281903
0.9999999068508457
0.9999999697612655
0.9999999435389529
0.9999998770078433
0.9999999496851426
0.9999999547137916
0.9999999487168845
0.9999998737829205
0.9999999566087379
0.9999999009084751
0.9999999610786852
0.9999999456826297
0.9999999207771326
0.9999998810239095
0.9999999061009706
0.9999999133023424
0.9999999129796465
0.9999999514325896
0.9999999939953045
0.9999999497440195
0.9999999424288969
0.999999962037972
0.999999976290402
0.9999999844072004
0.9999999722347662
0.9999999098858456
0.9999999190751399
0.9999999930965571
0.9999999113447726
0.9999998948009845
0.9999999930876705
0.9999999898836155
0.9999999749033082
0.9999999044457112
0.9999998965387714
0.9999999808818357
0.9999999203274661
0.9999999773614964
0.9999999510841878
0.999999961470169
0.999999944505781
0.9999999287980765
0.9999999048908144
0.9999999838210167
0.9999999520970357
0.9999998631798702
0.9999999521212938
0.9999999344498837
0.9999999305516801
0.9999998651349363
0.9999999682687006
0.9999999549322085
0.9999998852654252
0.9999999194957558
0.9999999930133749
0.9999999004536705
0.9999998563590532
0.9999999628676491
0.9999999779383394
0.9999998858813645
0.9999999794183152
0.9999998856436714
0.9999999955565552
0.9999999578447034
0.9999999417494568
0.9999999863688603
0.9999999463438914
0.9999999963250297
0.9999999986331649
0.9999999018918336
0.9999998903560905
0.9999998953606563
0.9999999447356126
0.9999999005957771
0.9999999552949975
0.9999999456545916
0.999999862903615
0.9999999777786936
0.999999933175965
0.9999999124045279
0.9999999602635717
0.9999999755489483
0.9999998658592539
0.9999998759916702
0.9999999734523217
0.9999998858991442
0.9999999418298999
0.9999998999161983
0.9999999323384089
0.9999998538906164
0.9999999923972489
0.9999999372082382
0.9999999816393397
0.9999999720665957
0.9999999664308491
0.9999999808896749
0.999999888404897
0.9999999846988202
0.999999909544752
0.9999999956271257
0.9999998888036113
0.9999999493007222
0.9999999603268583
0.9999999547923878
0.9999998681671328
0.999999892024459
0.9999999736819672
0.9999999386926228
0.9999998895318926
0.9999999788096652
0.9999999437549872
0.999999978001081
0.9999998917631316
0.9999999987199908
0.9999998920702653
0.9999999238293175
0.9999999967423594
0.9999999569760218
0.9999998940111205
0.9999998812936071
0.9999999569292707
0.9999999751829514
0.99999993116869
0.9999999462718724
0.9999999235799565
0.9999999804497627
0.9999999218766413
0.9999999502208398
0.9999999471719415
0.9999999759410954
0.9999999107338444
0.9999998897007997
0.999999913730801
0.9999999710015193
0.999999938974059
0.9999999453556356
0.9999999217644372
0.9999998820605558
0.9999998771517761
0.9999999972875958
0.9999999002994128
0.9999999757000865
0.999999904795349
0.9999998981430158
0.9999999617376429
0.9999999192340966
0.9999999765603211
0.9999998919805166
0.999999919605112
0.9999999578942412
0.9999999202887363
0.9999999363729715
0.9999999025769308
0.9999999155126532
0.999999978666496
0.9999998896957607
0.9999999466552066
0.9999999569687589
0.9999999599935844
0.9999999985198574
0.9999998962480041
0.9999998965387714
0.9999999607438449
0.9999999309490731
0.9999999796265526
0.99999994387334
0.9999999567155643
0.9999998863466755
0.9999998655796083
0.9999999685781356
0.9999999012246458
0.9999998994986273
0.9999999737770732
0.9999999994667104
0.9999999020246654
0.9999999132978332
0.999999957345375
0.9999999105122174
0.999999895311171
0.9999999639459409
0.9999999962100372
0.9999999709765623
0.9999998889202639
0.999999935454284
0.9999999844291063
0.9999998769604984
0.9999999988360888
0.9999999077025289
0.9999999805541899
0.9999999751385136
0.9999999878914225
0.9999999083594093
0.9999998853107235
0.9999999844167798
0.9999999882718809
0.9999998875447379
0.9999999314408453
0.9999999047783028
0.9999999737969485
0.999999964015512
0.9999999255859932
0.9999999832624095
0.999999978936705
0.9999999205809534
0.9999999759997653
0.999999937752614
0.9999998639119942
0.9999999658100904
0.9999998972597869
0.9999999290050635
0.9999999427241747
0.9999998947549571
0.9999999186549484
0.9999999544867701
0.9999999690904333
0.9999998490673552
0.9999999318334726
0.9999999180077157
0.9999999043797613
0.9999999722256718
0.9999999148686124
0.9999999721430352
0.9999999239235343
0.999999916461297
0.9999999205809535
0.9999998810239095
0.9999999157666307
0.9999999980061038
0.9999998888146653
0.9999999800121829
0.9999999861067218
0.9999999995753663
0.9999999598905298
0.9999998809578617
0.999999960848964
0.999999993361931
0.999999961371053
0.9999999005452748
0.9999999005719673
0.9999999418251455
0.9999999905971043
0.999999884895454
0.9999999004845598
0.9999999688545972
0.9999999098048208
0.9999999030927675
0.9999999544570426
0.999999898845994
0.9999999329219946
0.9999999517641741
0.999999929456124
0.9999998804100476
0.9999999105245927
0.9999998882845662
0.9999999889963517
0.9999999588155586
0.9999999296960194
0.9999999839782953
0.9999999419371376
0.9999999124214847
0.9999999784573358
0.9999999906074296
0.9999998556678659
0.9999998623927636
0.9999999765876831
0.9999999439174597
0.9999998990136549
0.999999952976941
0.9999999549396492
0.9999999918744493
0.9999999229718007
0.9999999316410586
0.9999999316137282
0.999999965030938
0.9999999515579281
0.9999999886557983
0.999999949018302
0.9999999661072659
0.9999999188414309
0.9999999464983885
0.9999998856636035
0.999999878101794
0.9999999713749187
0.9999999945678929
0.9999999244250852
0.9999999971258638
0.999999952306658
0.9999998851903635
0.9999999835615844
0.9999999163853592
0.9999999499171289
0.9999998859214839
0.9999998861284528
0.9999999273664762
0.9999999521444758
0.9999998695903015
0.9999999866507466
0.9999999634830702
0.9999999384639052
0.9999999529575667
0.999999908809766
0.9999998621557357
0.9999999158817154
0.9999999725118784
0.9999999614364297
0.9999998971452128
0.9999999674830472
0.9999999050740932
0.9999998809418137
0.9999999948331877
0.9999999503495703
0.9999999243721129
0.9999999130915072
0.9999999916177249
0.9999999992248125
0.9999999473735302
0.9999999263284445
0.9999999559934873
0.9999999086311929
0.9999998721527414
0.9999998849041619
0.99999997354841
0.9999999655941232
0.9999999218954554
0.9999999269067423
0.9999998494526093
0.9999999456545916
0.9999998983540678
0.999999977351979
0.9999999550338978
0.999999924600563
0.9999999406621005
0.9999999585124073
0.9999999196974921
0.9999998993017369
0.9999999800670215
0.9999999468032554
0.9999999420089097
0.999999936632375
0.9999999854443479
0.9999999328470234
0.9999999062286848
0.9999999734670881
0.9999999439606478
0.9999999338060259
0.9999999216839051
0.9999999924309038
0.9999998802338969
0.9999999827389267
0.9999999790250931
0.9999999567401812
0.9999999742328377
0.9999998656481723
0.9999999805943247
0.9999998854037103
0.9999999653682562
0.9999999763196815
0.9999999571382349
0.9999999984341891
0.9999999044457112
0.9999999691623783
0.9999999049596828
0.9999999251293441
0.999999918423484
0.9999999519590856
0.9999999252964347
0.999999979298389
0.9999999723665388
0.9999999289166068
0.9999999924145487
0.9999998989704842
0.9999999571197378
0.9999999829724052
0.9999999523816528
0.9999999647018236
0.999999877169303
0.9999999209365783
0.9999999474953142
0.999999908938156
0.9999999913490686
0.9999999283060951
0.9999998871323242
0.9999999700328224
0.9999999631310692
0.9999999668187712
0.9999999250110627
0.99999989488663
0.9999999547841326
0.9999999041819481
0.999999979443413
0.9999999068351911
0.9999999209003373
0.9999999754484494
0.9999999117560808
0.999999923261862
0.9999999627658656
0.9999999431523761
0.9999999663985626
0.9999999744178749
0.9999999960241269
0.999999970990667
0.9999999658272333
0.9999999140802466
0.9999999656812799
0.9999998947703407
0.9999999445644377
0.999999937862291
0.9999999898120258
0.9999999247930367
0.9999999280453652
0.9999998740286005
0.9999998993357825
0.9999999241138506
0.9999999322079204
0.9999999063293786
0.9999999407668433
0.999999880986844
0.9999999892725848
0.9999999526492546
0.9999998834238799
0.9999999694124309
0.9999999732574759
0.9999999516743803
0.9999999731564445
0.9999999632400228
0.9999998969006852
0.9999998985516643
0.9999999940344829
0.9999999946593006
0.9999998729486115
0.9999998863917517
0.9999999085158434
0.9999999314631817
0.9999999619397838
0.999999922194509
0.9999999386161953
0.9999999586831707
0.999999920372167
0.999999953996091
0.9999999578942412
0.9999999826047593
0.9999998859812407
0.9999999754484494
0.9999999112612542
0.9999999261429263
0.999999853280896
0.9999999067990273
0.9999999284451528
0.9999999146232349
0.9999999469484165
0.999999903613471
0.9999999518146637
0.9999998858731152
0.9999999174328149
0.9999999130320457
0.9999999253677055
0.9999999465926216
0.9999999149810384
0.9999999633744445
0.9999999187430034
0.9999999770710544
0.9999998766167986
0.999999906742824
0.9999999504725644
0.999999909677937
0.9999999516325957
0.9999998962265658
0.9999999798011495
0.9999999090111342
0.9999998917355726
0.9999999138791161
0.9999999216403482
0.9999999402124036
0.9999999941849127
0.9999999954285523
0.9999998929726753
0.9999998716203606
0.9999999520261013
0.9999999959534629
0.9999998816999883
0.9999999896178536
0.9999999219608627
0.9999998855913133
0.9999999895545554
0.9999999280819207
0.9999999601707557
0.9999999743809065
0.9999999578709361
0.9999998807842381
0.9999998791201997
0.9999999298358795
0.9999998813159114
0.9999999856670754
0.9999999848407014
0.9999999122638169
0.9999999321084386
0.9999999550624687
0.9999999068132274
0.9999998935886473
0.9999999812908501
0.9999999477264636
0.9999999488933425
0.9999999325892384
0.9999999279789112
0.9999999748568656
0.9999999837226504
0.9999999155673028
0.9999999536288459
0.9999999317060403
0.9999999749033082
0.9999999364308497
0.9999999099582757
0.999999930223876
0.9999999658348775
0.9999999081649964
0.9999999116582612
0.9999999680490029
0.9999999480836531
0.999999911722768
0.9999999402964037
0.9999999843187989
0.9999999277825705
0.9999999022047946
0.9999998931069878
0.9999999422359013
0.9999999859466193
0.999999902257154
0.9999999062286848
0.9999999417994239
0.999999885958317
0.999999884022358
0.9999999163814159
0.9999998826565245
0.9999999673352046
0.9999999315793516
0.9999999013319931
0.9999999800342161
0.9999999134390656
0.9999999498375529
0.999999924176688
0.999999913205329
0.9999998887493378
0.9999999814725183
0.9999998724357009
0.9999999042107344
0.9999999852275336
0.999999943207776
0.9999998858731152
0.9999999322309148
0.9999998909890728
0.9999999850011905
0.9999999577580662
0.9999999587024234
0.9999999560849571
0.9999999435475271
0.9999999582886002
0.9999998937844158
0.9999999895319157
0.9999999628379156
0.9999999346380289
0.999999894486209
0.9999999172348984
0.9999998990371809
0.999999942359825
0.9999999812501296
0.9999998885908219
0.9999999123670503
0.9999999507955817
0.9999999078246838
0.9999999276491709
0.9999999832364429
0.9999999270140824
0.9999999589170901
0.9999999629123224
0.9999999226692622
0.999999979552212
0.9999999333846504
0.9999999733123699
0.9999998900296252
0.9999999777974471
0.9999999913530554
0.9999999566003074
0.9999998941062755
0.9999999261605157
0.9999999079495223
0.9999999112330258
0.9999999829661168
0.9999998832370831
0.9999999087356388
0.999999878101794
0.9999999152285136
0.9999999321637699
0.9999999838958942
0.99999989808846
0.9999999217625635
0.9999999278193675
0.9999999571974372
0.9999998803189202
0.9999999518316045
0.999999902263883
0.999999968106837
0.9999999830797276
0.9999999058608866
0.9999999980896837
0.9999999697246258
0.9999999760029098
0.9999999956462605
0.9999999508189614
0.9999998970847868
0.9999998992684165
0.9999998829212421
0.9999998685494428
0.9999999670337819
0.9999999264445373
0.9999999278551993
0.9999998984007176
0.9999999010063457
0.9999999658606361
0.9999999726440293
0.9999999270992285
0.9999999519620899
0.9999999181752781
0.9999999821140861
0.9999999623651344
0.9999999004961135
0.9999998916512299
0.9999999102470908
0.9999999029198297
0.9999999354059828
0.9999999959884545
0.9999999019609843
0.9999999510135595
0.9999999244079864
0.9999999451085195
0.9999999745619693
0.9999999962516416
0.9999999687942628
0.9999999759177873
0.9999999916816356
0.9999999955673362
0.9999999540971706
0.9999999267687404
0.9999998876437768
0.9999999790411068
0.9999999315510476
0.9999999160953524
0.9999999722614566
0.9999999055912888
0.9999998823265726
0.9999999756463109
0.9999999435631456
0.9999999856259487
0.9999999183896081
0.9999999150376563
0.9999999856590331
0.999999892980782
0.9999999435006627
0.9999998720427629
0.9999999605843372
0.9999999795595597
0.9999999206744549
0.9999999743510581
0.9999999564669897
0.9999999666608806
0.9999998875545489
0.9999999327104624
0.9999999504584796
0.9999999551329809
0.9999999684604658
0.9999999855298844
0.9999999032717161
0.9999999454503654
0.9999999499317612
0.9999998709651743
0.9999999447356125
0.9999999460404806
0.9999999772159724
0.9999999159700332
0.9999999569604915
0.9999999451239991
0.9999999488780332
0.9999999436564028
0.9999999540397941
0.9999999476471743
0.9999999649498561
0.9999999041264127
0.9999999193587799
0.9999999156916933
0.9999999338182088
0.9999999532394249
0.999999941415172
0.9999999571061575
0.999999894126411
0.9999999402293698
0.9999998921679639
0.9999999827171228
0.9999999422158659
0.9999999091040703
0.9999999956988859
0.9999998892648838
0.9999998971566085
0.9999998577276774
0.9999999522747497
0.9999999409645173
0.9999999363696379
0.9999998990218982
0.9999999403189751
0.9999998850284572
0.9999999970305237
0.9999998781017941
0.9999999460552034
0.999999998346729
0.9999999579560874
0.9999998719058417
0.9999999683764499
0.9999999563736549
0.9999999790819196
0.9999999545496238
0.9999999843836507
0.9999999664272731
0.9999999672179316
0.9999998793316602
0.9999999967797237
0.9999999152137621
0.9999999500029327
0.9999999674944445
0.9999998730417061
0.9999999720494616
0.9999999076892904
0.9999999994147643
0.9999999538657278
0.9999999460696766
0.9999999453556356
0.9999998731317419
0.9999999002458542
0.999999940904354
0.9999998680990758
0.9999999232796247
0.9999999025686224
0.9999999910979467
0.9999999769066622
0.9999999915449236
0.9999999207230994
0.9999998838473725
0.9999999732144779
0.9999999651973756
0.9999999467881499
0.9999999354214946
0.9999999909894397
0.9999999379785681
0.999999924176688
0.9999999198294599
0.9999998998905514
0.9999998827975772
0.9999999814649683
0.9999999011077039
0.9999999105675412
0.9999998896915001
0.9999998931069877
0.9999999303623907
0.9999999712680216
0.9999999448771819
0.9999999158588376
0.9999999966109925
0.9999999283576232
0.9999999522555945
0.9999999557563893
0.9999999988087448
0.9999999412901673
0.9999998933464457
0.9999998768025677
0.9999999693465047
0.9999999319023937
0.99999991669981
0.9999999635652173
0.9999998866300601
0.9999999585649058
0.9999998913587784
0.9999998719222382
0.9999998985300755
0.9999999520331
0.9999999138183707
0.9999999338723017
0.9999999677212237
0.9999998792602498
0.9999998888045043
0.9999999568525474
0.9999999547229005
0.9999999399784323
0.9999998854274547
0.9999999076649223
0.9999999321219123
0.9999999048673468
0.999999963348698
0.999999997793743
0.9999999291574425
0.9999998876437767
0.9999999359207532
0.999999971193382
0.9999999676333454
0.9999999607438449
0.9999999975325373
0.9999999890450005
0.9999999098306389
0.9999999277894593
0.9999999916475194
0.9999999308609955
0.9999998926167945
0.9999999657385846
0.9999999549664008
0.99999990031638
0.9999999289402848
0.9999999085063344
0.9999999506188081
0.9999998594026936
0.9999999259432277
0.9999999332999511
0.9999999863781517
0.9999999588504698
0.9999999872428476
0.9999999551541856
0.9999999709423653
0.9999998944220824
0.9999998997504844
0.9999998971125562
0.9999999149698947
0.999999916690365
0.9999999496147499
0.9999999254351808
0.9999999321201418
0.9999999674572013
0.9999999454875329
0.9999999303681357
0.9999999737770732
0.9999999828200056
0.9999999961561996
0.999999883426995
0.9999999900944976
0.9999999696313737
0.9999999394929094
0.9999998922271114
0.999999951793566
0.9999999212281901
0.9999998810813285
0.9999999572487235
0.9999999694610373
0.9999999772901987
0.9999999646158638
0.9999999775971684
0.9999999016673355
0.9999998978172896
0.9999999044916802
0.9999999055735017
0.9999999457648757
0.9999998624842149
0.9999999227252658
0.9999999669729124
0.9999999481275182
0.9999999895577235
0.9999999614458043
0.999999993821638
0.999999853861124
0.999999925898175
0.9999999481275182
0.9999998722380213
0.9999999529300025
0.9999999932409346
0.9999998944906806
0.9999999884927204
0.9999999603350556
0.9999999079679983
0.9999999446928718
0.9999999782020372
0.999999982720544
0.9999999689132849
0.9999999971258638
0.9999999861450354
0.9999999306725067
0.9999999923700867
0.9999999031763318
0.9999999115205238
0.9999999272933819
0.999999908298764
0.9999999882307836
0.9999999845941099
0.9999999890470018
0.999999906618915
0.9999999614153293
0.999999878101794
0.9999999808523944
0.9999999415199746
0.9999999793453384
0.9999999348077203
0.9999999073565036
0.9999999787859082
0.9999999234144884
0.9999999738597796
0.9999999328042748
0.9999999758772155
0.9999999380484619
0.9999999034017839
0.9999999444062749
0.9999998626086292
0.9999999874799581
0.9999999456190927
0.9999999947758939
0.9999999539580223
0.9999999395219938
0.9999998590877198
0.999999983854192
0.9999999069490143
0.9999999791745232
0.9999998849958786
0.9999999641265874
0.9999999532228616
0.9999998776048195
0.9999999948185179
0.9999999368921184
0.9999999686652935
0.9999999234254822
0.9999999637553492
0.9999999095324877
0.999999981963006
0.9999999913796669
0.9999999252020201
0.9999998904154825
0.9999999489252586
0.9999999842011787
0.9999999752466161
0.999999889406844
0.9999998621557358
0.9999999988866862
0.9999999361147847
0.999999990546841
0.9999999941594749
0.9999998908949793
0.9999999272146857
0.9999999198085286
0.9999999167087986
0.9999999774465338
0.9999999170122804
0.9999999535373733
0.9999999043362127
0.9999999926204794
0.9999999353473444
0.999999918161933
0.9999999381125179
0.9999999890500678
0.9999999571277375
0.9999999111466708
0.9999999708476873
0.9999999521444758
0.9999999674825304
0.999999970173573
0.9999999522268473
0.9999998745431246
0.9999999403710005
0.9999999209593072
0.9999999995258889
0.9999999448819258
0.9999999778003764
0.9999999736700618
0.9999999504750896
0.9999999023864529
0.9999999558694449
0.9999999777538973
0.9999999208661997
0.9999999474092839
0.9999999402138344
0.9999999170718055
0.999999988798569
0.9999999630154018
0.9999999185571219
0.9999998934320716
0.9999999053851952
0.9999999836136854
0.9999998935140834
0.9999999377968548
0.999999978292621
0.9999999075750725
0.999999915741681
0.9999999480987272
0.999999987260578
0.9999999506188081
0.9999999053496679
0.9999998970564977
0.9999999255063241
0.9999999451704098
0.9999999138654884
0.9999999571332381
0.9999999826390671
0.9999998984358592
0.9999999584169169
0.9999999305516801
0.9999999764914327
0.9999999220501432
0.9999998960901124
0.9999999446107107
0.9999999783255843
0.9999999757095481
0.9999999495643431
0.9999999068132274
0.9999999647853793
0.9999998714115557
0.9999999724428092
0.9999999393486099
0.9999999032022742
0.9999999470467751
0.9999999617878693
0.9999999373202718
0.9999999152586125
0.9999999968708314
0.999999999458601
0.999999984264655
0.9999999300129917
0.99999994016402
0.9999999072823306
0.9999999950497652
0.9999999852635347
0.9999999810073039
0.9999998824895765
0.9999999303463213
0.9999998722380213
0.9999999959250234
0.9999998487604741
0.9999999355855674
0.9999999525135461
0.9999999213262785
0.9999998718641335
0.9999999117011361
0.9999999667365428
0.9999998823098233
0.9999999275690445
0.999999941336314
0.9999998721224063
0.9999999547923878
0.9999999126841421
0.9999999874294359
0.9999999506188081
0.9999999324160905
0.9999999753512008
0.999999926377033
0.9999999255380122
0.9999999039312472
0.9999998899350068
0.9999999749304201
0.9999999751430572
0.9999999536771071
0.9999999068320035
0.9999999522075299
0.999999918857204
0.9999999922410651
0.999999996179902
0.9999999763310061
0.9999999314474306
0.9999999348218459
0.9999999116568532
0.999999929888231
0.9999999325936485
0.9999999963991666
0.9999999005776999
0.9999999829088944
0.999999909505365
0.999999932008439
0.9999999153569251
0.9999998836124624
0.999999900622152
0.9999998969032189
0.9999999878385077
0.9999999488658123
0.9999998715402257
0.9999999895084343
0.9999999772894806
0.9999999275826451
0.9999999754484495
0.99999997938943
0.9999999662827382
0.999999899165607
0.999999943152376
0.9999999906616959
0.9999999860636468
0.9999999342244149
0.9999999390529906
0.9999999578582189
0.999999980000208
0.9999999524189793
0.9999999150144425
0.9999999377664359
0.9999999069216781
0.9999999207680164
0.9999998448388124
0.9999999829661168
0.9999999055837855
0.9999999623843021
0.9999999269382641
0.9999999812577133
0.9999998761970924
0.9999999469334796
0.9999999518316045
0.9999999569497084
0.9999999637645172
0.9999999174085396
0.9999999397871897
0.9999999444692025
0.999999975054008
0.9999999670697889
0.9999999226961708
0.9999999588504697
0.9999999394321238
0.9999999563447155
0.9999999798011495
0.99999995560721
0.9999999168366469
0.9999999633628526
0.999999919183442
0.9999999587106612
0.9999999347766936
0.9999999151287272
0.9999999486412301
0.9999999650992463
0.9999999703657482
0.9999999045139224
0.99999989827634
0.9999999815354765
1.0
0.9999999519384268
0.999999970921646
0.9999999910544417
0.999999999538913
0.9999998766167986
0.9999999050568045
0.9999999683576095
0.9999998983665305
0.999999981788078
0.999999944566338
0.999999953452725
0.999999984728473
0.9999998992684165
0.999999888862682
0.9999999454503654
0.9999999308389553
0.9999999355166873
0.999999997500552
0.9999999962100372
0.9999999188630093
0.9999999567379753
0.9999998940361983
0.9999999897474446
0.9999999280819207
0.9999999640609873
0.9999999092058219
0.999999932787194
0.9999999585480035
0.9999999018276535
0.9999999057925666
0.9999999409100168
0.9999999425434691
0.9999999592011004
0.9999999062839064
0.9999999427682532
0.9999999313186768
0.9999998847052585
0.9999999708481516
0.9999998884584408
0.9999999874101755
0.9999999562450912
0.9999999276546885
0.9999999611868609
0.9999999582886002
0.9999999287090241
0.9999999408527316
0.9999999259014677
0.9999999097160265
0.9999999141039492
0.9999999681178766
0.9999999842248913
0.9999999619852539
0.9999999665580755
0.9999999648042096
0.9999998877962925
0.9999999901328052
0.9999999609501029
0.9999998745178911
0.9999999658100904
0.9999999540756627
0.9999999420853355
0.9999998816020943
0.9999999601877562
0.9999998658592539
0.9999999253009852
0.9999999985595527
0.9999999404337392
0.9999999054417393
0.9999998848522476
0.9999999634255085
0.9999999790388598
0.9999999673666102
0.9999999525135461
0.9999999128818203
0.9999999629457631
0.999999947999681
0.9999999736233195
0.99999996404141
0.9999998873931925
0.9999999530719861
0.9999999980338952
0.999999990533432
0.9999999524162607
0.9999998978619727
0.999999974770191
0.9999999005402993
0.9999999130415521
0.9999999184769724
0.9999999023009608
0.9999999739956261
0.9999999302937743
0.9999999732150826
0.9999999598435371
0.9999998609251589
0.9999999411635571
0.999999944885207
0.9999999339045281
0.9999999348614461
0.9999999860260109
0.9999998879996984
0.9999999219443451
0.9999999445570888
0.9999999400533395
0.9999999920878472
0.9999999357539685
0.9999999982642997
0.9999999429675911
0.9999999378360138
0.9999998809418137
0.9999999079853498
0.9999998934806605
0.9999999418756105
0.9999999537345277
0.9999999509885112
0.9999999125739056
0.9999999824250129
0.999999921262289
0.9999999386658611
0.9999999449979765
0.999999996561416
0.9999999974153033
0.9999998897323626
0.9999999689305804
0.9999999873891599
0.9999999255063243
0.999999880394343
0.9999999847486747
0.999999962014784
0.9999999273571287
0.9999999579560875
0.9999999667978964
0.9999999956820571
0.9999999917473151
0.9999999818375102
0.99999994138719
0.9999999648042096
0.9999999548382438
0.9999999663969421
0.9999999698101978
0.9999999943149073
0.999999937598585
0.9999999103114153
0.9999999653195633
0.9999999733438233
0.9999999838281824
0.9999999556430571
0.9999999750685734
0.9999999655642792
0.9999999397082859
0.9999999082746145
0.9999999385434309
0.9999999897377452
0.9999999373251377
0.9999999775241795
0.9999999968475206
0.999999897531705
0.9999999830665857
0.9999999598666837
0.9999999047913603
0.9999999313376644
0.9999999133189592
0.9999999707289123
0.999999919088934
0.9999999205423509
0.9999999321782228
0.9999998798526278
0.9999999250081134
0.9999998974770319
0.9999999332782131
0.9999999896178536
0.9999999458936034
0.9999999922475903
0.999999994873895
0.999999928027669
0.9999998926361182
0.9999998675276217
0.9999999394929092
0.9999999805719176
0.9999999492576107
0.9999999517935662
0.999999912149667
0.9999998937666676
0.9999999092633512
0.999999975043661
0.9999999819926895
0.9999999761229307
0.9999999013452063
0.9999999074327864
0.9999998928615095
0.9999999640343237
0.9999999690904333
0.9999999305516801
0.9999999997810288
0.9999999641900962
0.999999892852125
0.9999998769958753
0.9999999635262545
0.9999998987444951
0.9999999863344047
0.9999999865515985
0.9999999104985502
0.9999998837934556
0.9999999275004006
0.999999892272292
0.999999955716319
0.9999998899820458
0.9999999218954554
0.999999966076675
0.999999880915464
0.999999967830356
0.9999999242350966
0.9999998972187096
0.9999998735220323
0.9999999117422305
0.9999999641453117
0.9999999231341298
0.9999998601201169
0.999999921001679
0.9999999678686168
0.9999999665248233
0.9999998982379102
0.9999999845613169
0.9999999713549073
0.9999999033246533
0.9999999774414362
0.9999999137825232
0.9999999754484493
0.9999998980245219
0.9999999023614553
0.9999999336390918
0.9999999307127271
0.999999977795215
0.9999998982586961
0.9999999443793289
0.9999999799825606
0.9999999299438039
0.9999998942482954
0.9999999703247905
0.9999999964734706
0.999999932316681
0.9999999923660817
0.9999999319854147
0.9999999764101792
0.9999999876833809
0.9999998698984157
0.999999944451308
0.9999998286678752
0.9999999557230851
0.9999999425054423
0.9999998880032498
0.9999999124870981
0.9999998755651202
0.9999999189532681
0.9999999539456641
0.9999999289526348
0.9999999576104337
0.9999998835546626
0.9999999846417482
0.9999998421400147
0.9999999758668808
0.9999999569382886
0.9999999740919198
0.9999999482674125
0.9999998835974829
0.9999999402563073
0.9999999170718055
0.9999999724570601
0.9999999041674277
0.9999999757469623
0.9999998924254297
0.9999999316924312
0.9999999464531658
0.9999999267617679
0.9999999685366907
0.9999999582886002
0.9999998936781349
0.9999999824823117
0.9999999396803632
0.9999999885301712
0.9999999372509444
0.9999999789191715
0.9999999613604199
0.9999999854350332
0.9999999693358153
0.9999998860959013
0.999999991710119
0.9999999097511675
0.9999999416682235
0.9999999596026199
0.9999999531233605
0.9999999024024251
0.9999999482850064
0.9999999292294192
0.9999999675545344
0.999999891048018
0.9999998781017939
0.9999999877769551
0.9999999315603074
0.9999999774400555
0.9999999621948071
0.9999999329219945
0.9999998995670071
0.9999998928361992
0.9999998949470308
0.9999999767475282
0.9999999461282892
0.9999999321521346
0.9999999050861333
0.9999999553699231
0.99999992884214
0.9999999684009204
0.9999999046149463
0.9999999350268116
0.9999999613336823
0.9999999140734619
0.9999998803686383
0.9999999089240175
0.9999999761229307
0.9999999347506179
0.9999999584792089
0.9999999930873269
0.9999999881265982
0.9999999050817843
0.9999999054341302
0.9999999797611985
0.9999999601175462
0.9999999824250129
0.9999999108555326
0.999999905044988
0.999999932133111
0.9999998942482955
0.9999999061087964
0.9999999348010525
0.9999999386227902
0.9999998883832012
0.9999999521740388
0.9999999287980764
0.9999999453362715
0.9999999856670753
0.9999999971604451
0.9999999723190394
0.9999999587024234
0.9999999549794724
0.9999999418709052
0.9999999969286413
0.9999999131666732
0.9999999381533734
0.9999998980394911
0.9999999290552192
0.9999999698861934
0.9999999035170185
0.9999999610295012
0.9999999363933779
0.9999999628624501
0.9999999844627356
0.9999999490328243
0.9999999734970694
0.9999999250930902
0.9999999482312794
0.9999999303957432
0.999999932886793
0.9999999355166873
0.9999999788997457
0.9999999252287738
0.9999999440265477
0.9999998952527744
0.9999999301425642
0.9999998972659199
0.9999999193563479
0.9999999351987517
0.999999939178385
0.9999999521788971
0.9999999678813094
0.9999998901620737
0.9999998820514571
0.9999999820625524
0.9999999161341359
0.9999999661948383
0.9999999722987617
0.9999998865217281
0.9999999558344432
0.9999999002955904
0.9999999472396527
0.9999998794265208
0.9999999503719306
0.999999990859137
0.999999930902913
0.9999999002919163
0.9999999372154152
0.9999999204453826
0.9999998960705915
0.9999999087460436
0.9999999249132981
0.9999999633573802
0.9999999400257995
0.9999999485336272
0.9999999042448365
0.9999998962517002
0.9999999975972933
0.9999999390782244
0.9999999647173211
0.9999998961271808
0.9999999850011905
0.9999998909435963
0.9999999766894853
0.9999999409868465
