0.05500936508178711
0.0017116069793701172
0.023645877838134766
0.002910137176513672
0.0028913021087646484
0.022883176803588867
0.0015106201171875
0.02207469940185547
0.019936800003051758
0.0026454925537109375
0.0022971630096435547
0.018570423126220703
0.0014388561248779297
0.0013778209686279297
0.0014142990112304688
0.0012998580932617188
0.018449068069458008
0.0013988018035888672
0.0018231868743896484
0.0022826194763183594
0.0023453235626220703
0.002353668212890625
0.02380681037902832
0.02667832374572754
0.003122568130493164
0.024466991424560547
0.020688772201538086
0.019183874130249023
0.024540185928344727
0.02382493019104004
0.0031905174255371094
0.003010272979736328
0.0018150806427001953
0.0016086101531982422
0.0014307498931884766
0.0014104843139648438
0.0014770030975341797
0.0014600753784179688
0.024512529373168945
0.019962549209594727
0.0031380653381347656
0.02485370635986328
0.0029375553131103516
0.0016186237335205078
0.022655487060546875
0.0250551700592041
0.01915121078491211
0.024478912353515625
0.021207571029663086
0.0034172534942626953
0.0031621456146240234
0.0022704601287841797
0.0016705989837646484
0.0014009475708007812
0.0014307498931884766
0.024466991424560547
0.0015401840209960938
0.0013780593872070312
0.0014445781707763672
0.0017235279083251953
0.0014786720275878906
0.0013570785522460938
0.0013244152069091797
0.0013332366943359375
0.0013484954833984375
0.0012581348419189453
0.0013718605041503906
0.0013554096221923828
0.0014104843139648438
0.0013387203216552734
0.0013778209686279297
0.022803544998168945
0.024967670440673828
0.019570112228393555
0.002515554428100586
0.002409696578979492
0.002264738082885742
0.0013341903686523438
0.0013244152069091797
0.02559638023376465
0.0016644001007080078
0.01858806610107422
0.00250244140625
0.002431631088256836
0.0028765201568603516
0.002415895462036133
0.0015702247619628906
0.00148773193359375
0.0014679431915283203
0.0020117759704589844
0.0015499591827392578
0.0014281272888183594
0.0012950897216796875
0.0013551712036132812
0.0014674663543701172
0.0018453598022460938
0.0014531612396240234
0.001377105712890625
0.0014009475708007812
0.00133514404296875
0.0013341903686523438
0.001491546630859375
0.025696754455566406
0.0015463829040527344
0.0014524459838867188
0.0018374919891357422
0.0014967918395996094
0.001451730728149414
0.001306295394897461
0.0013568401336669922
0.0013277530670166016
0.0013785362243652344
0.0013926029205322266
0.001291036605834961
0.0013718605041503906
0.0013349056243896484
0.0016453266143798828
0.0013833045959472656
0.0014150142669677734
0.001371145248413086
0.0013828277587890625
0.0013415813446044922
0.0015935897827148438
0.001417398452758789
0.02134418487548828
0.002914905548095703
0.002893686294555664
0.002980947494506836
0.0016331672668457031
0.0013349056243896484
0.0013878345489501953
0.0013058185577392578
0.0014109611511230469
0.0013794898986816406
0.0013840198516845703
0.0013532638549804688
0.00136566162109375
0.0019021034240722656
0.0013875961303710938
0.0013155937194824219
0.0013337135314941406
0.0013539791107177734
0.0013766288757324219
0.001340627670288086
0.0013768672943115234
0.0013980865478515625
0.001394510269165039
0.0013301372528076172
0.0013217926025390625
0.0013768672943115234
0.0013959407806396484
0.0014197826385498047
0.0013890266418457031
0.0013697147369384766
0.0013666152954101562
0.0013551712036132812
0.020575523376464844
0.002919435501098633
0.003201723098754883
0.0017588138580322266
0.0013968944549560547
0.0013413429260253906
0.0019176006317138672
0.001573801040649414
0.001481771469116211
0.0014386177062988281
0.0013797283172607422
0.0013387203216552734
0.0013468265533447266
0.0013763904571533203
0.0013206005096435547
0.019431591033935547
0.0014786720275878906
0.0014758110046386719
0.0013811588287353516
0.0013427734375
0.001363515853881836
0.0014421939849853516
0.0013628005981445312
0.0013997554779052734
0.0014138221740722656
0.0014030933380126953
0.0014066696166992188
0.0013537406921386719
0.0013759136199951172
0.0013575553894042969
0.0013766288757324219
0.0013430118560791016
0.0013949871063232422
0.001355886459350586
0.0014119148254394531
0.0013875961303710938
0.001382589340209961
0.018687725067138672
0.020924806594848633
0.002819061279296875
0.0014197826385498047
0.0013799667358398438
0.0013856887817382812
0.0014748573303222656
0.001890420913696289
0.001428365707397461
0.0013835430145263672
0.00142669677734375
0.0013818740844726562
0.001417398452758789
0.00140380859375
0.0013861656188964844
0.01857781410217285
0.0014848709106445312
0.0014126300811767578
0.0014667510986328125
0.0014002323150634766
0.0014624595642089844
0.001428842544555664
0.0013885498046875
0.001378774642944336
0.0013804435729980469
0.0013871192932128906
0.0014126300811767578
0.0013723373413085938
0.0018374919891357422
0.0014052391052246094
0.019828319549560547
0.0015153884887695312
0.0014276504516601562
0.02191329002380371
0.003194570541381836
0.003003358840942383
0.0014524459838867188
0.0014491081237792969
0.0018134117126464844
0.0013885498046875
0.0013573169708251953
0.0013763904571533203
0.0014951229095458984
0.018321990966796875
0.020293474197387695
0.020316123962402344
0.0032761096954345703
0.002930164337158203
0.0019524097442626953
0.0019373893737792969
0.0014679431915283203
0.001417398452758789
0.001377105712890625
0.0014264583587646484
0.0013957023620605469
0.001392364501953125
0.0013713836669921875
0.0014629364013671875
0.001392364501953125
0.021459579467773438
0.0030481815338134766
0.0015671253204345703
0.002279520034790039
0.001497507095336914
0.0014202594757080078
0.001476287841796875
0.02025008201599121
0.001524209976196289
0.001748800277709961
0.0014576911926269531
0.0013704299926757812
0.02142953872680664
0.003093242645263672
0.002974987030029297
0.0028924942016601562
0.0018231868743896484
0.001341104507446289
0.0013775825500488281
0.0013308525085449219
0.0014634132385253906
0.0013976097106933594
0.0014109611511230469
0.020783662796020508
0.0016851425170898438
0.0015957355499267578
0.0014927387237548828
0.0014047622680664062
0.0015785694122314453
0.0015513896942138672
0.0014145374298095703
0.0015718936920166016
0.01948237419128418
0.0015139579772949219
0.0014722347259521484
0.0013918876647949219
0.0013930797576904297
0.0013301372528076172
0.001394510269165039
0.0013191699981689453
0.001356363296508789
0.0013837814331054688
0.0016682147979736328
0.0013942718505859375
0.0013456344604492188
0.0015869140625
0.0014078617095947266
0.0014042854309082031
0.0013265609741210938
0.0014846324920654297
0.0013666152954101562
0.0013692378997802734
0.0016827583312988281
0.001386404037475586
0.0014221668243408203
0.0013251304626464844
0.0013997554779052734
0.0013625621795654297
0.0013508796691894531
0.0013539791107177734
0.0013840198516845703
0.021141529083251953
0.0031812191009521484
0.001592874526977539
0.0013844966888427734
0.0014324188232421875
0.0013895034790039062
0.0013904571533203125
0.0013725757598876953
0.001363515853881836
0.001466989517211914
0.001325845718383789
0.0016393661499023438
0.017540931701660156
0.0019392967224121094
0.0015180110931396484
0.001550912857055664
0.0013785362243652344
0.0014185905456542969
0.0013391971588134766
0.0013668537139892578
0.0013728141784667969
0.0013387203216552734
0.001310586929321289
0.0013172626495361328
0.0018584728240966797
0.001527547836303711
0.001405477523803711
0.0013468265533447266
0.001336812973022461
0.0013968944549560547
0.0013623237609863281
0.0013442039489746094
0.001306295394897461
0.00135040283203125
0.017710208892822266
0.0014758110046386719
0.0013780593872070312
0.0013697147369384766
0.0013821125030517578
0.0013568401336669922
0.0014042854309082031
0.0013930797576904297
0.0013980865478515625
0.0013356208801269531
0.0013761520385742188
0.001669168472290039
0.0013651847839355469
0.0013647079467773438
0.0013210773468017578
0.0013461112976074219
0.0013234615325927734
0.0013060569763183594
0.0014035701751708984
0.0015802383422851562
0.0214993953704834
0.0015020370483398438
0.0017426013946533203
0.0017726421356201172
0.0014400482177734375
0.0019965171813964844
0.0012755393981933594
0.0012989044189453125
0.001249074935913086
0.0013332366943359375
0.0013265609741210938
0.0015611648559570312
0.0013916492462158203
0.0013747215270996094
0.0018036365509033203
0.0013799667358398438
0.0013587474822998047
0.0013871192932128906
0.0015439987182617188
0.0013554096221923828
0.0013818740844726562
0.0017004013061523438
0.0014045238494873047
0.0013172626495361328
0.001299142837524414
0.0013744831085205078
0.0013072490692138672
0.0013387203216552734
0.0013637542724609375
0.0014901161193847656
0.0014634132385253906
0.0013570785522460938
0.001363992691040039
0.0016131401062011719
0.0013806819915771484
0.0014028549194335938
0.0014262199401855469
0.0013318061828613281
0.0014002323150634766
0.0017650127410888672
0.0013782978057861328
0.0013496875762939453
0.0013909339904785156
0.0013384819030761719
0.0013446807861328125
0.0013430118560791016
0.0013928413391113281
0.0014393329620361328
0.0014271736145019531
0.001377105712890625
0.001430511474609375
0.00139617919921875
0.0017859935760498047
0.0014481544494628906
0.0013155937194824219
0.0013327598571777344
0.0013668537139892578
0.0013637542724609375
0.0013446807861328125
0.0019724369049072266
0.0014069080352783203
0.021108150482177734
0.02054572105407715
0.020233869552612305
0.0034246444702148438
0.003147125244140625
0.0015490055084228516
0.0019483566284179688
0.0014371871948242188
0.0013294219970703125
0.0013353824615478516
0.0013468265533447266
0.0013968944549560547
0.0014200210571289062
0.0013535022735595703
0.0013270378112792969
0.0013859272003173828
0.0013647079467773438
0.0014214515686035156
0.0013594627380371094
0.0015633106231689453
0.0018947124481201172
0.0021038055419921875
0.0015757083892822266
0.0014624595642089844
0.0013759136199951172
0.0013592243194580078
0.0013496875762939453
0.0012950897216796875
0.019327402114868164
0.00312042236328125
0.002888202667236328
0.0018587112426757812
0.0015027523040771484
0.001638650894165039
0.001377105712890625
0.0013666152954101562
0.0013649463653564453
0.0013756752014160156
0.0016107559204101562
0.0014095306396484375
0.0014576911926269531
0.001344442367553711
0.0015337467193603516
0.0014035701751708984
0.0014240741729736328
0.0013997554779052734
0.001371145248413086
0.0018849372863769531
0.0014574527740478516
0.0014178752899169922
0.0013680458068847656
0.0014417171478271484
0.001401662826538086
0.0013613700866699219
0.0013575553894042969
0.0018770694732666016
0.0014400482177734375
0.0014388561248779297
0.0014336109161376953
0.0013706684112548828
0.0014743804931640625
0.0013804435729980469
0.0013895034790039062
0.0017461776733398438
0.001444101333618164
0.001331329345703125
0.001322031021118164
0.0018012523651123047
0.0013849735260009766
0.0017702579498291016
0.0019550323486328125
0.0014545917510986328
0.0018393993377685547
0.0014159679412841797
0.0016655921936035156
0.0013668537139892578
0.0013289451599121094
0.02211308479309082
0.022536039352416992
0.0031518936157226562
0.0030400753021240234
0.025209903717041016
0.0018544197082519531
0.0019440650939941406
0.0019643306732177734
0.0014638900756835938
0.0013935565948486328
0.0014269351959228516
0.00160980224609375
0.0012786388397216797
0.001308441162109375
0.0012578964233398438
0.0012543201446533203
0.0012917518615722656
0.0014262199401855469
0.0013871192932128906
0.0014026165008544922
0.02650141716003418
0.023970842361450195
0.023641586303710938
0.0025954246520996094
0.026393651962280273
0.0038743019104003906
0.0028345584869384766
0.0014019012451171875
0.0013585090637207031
0.0014803409576416016
0.0013878345489501953
0.0013761520385742188
0.0014445781707763672
0.0013709068298339844
0.0013654232025146484
0.0013530254364013672
0.0014674663543701172
0.001407623291015625
0.0013310909271240234
0.0013856887817382812
0.02555990219116211
0.0015244483947753906
0.001379251480102539
0.001382589340209961
0.001413583755493164
0.0014328956604003906
0.001402139663696289
0.0013318061828613281
0.001336812973022461
0.0013117790222167969
0.001415252685546875
0.0013434886932373047
0.0013759136199951172
0.0017364025115966797
0.0014579296112060547
0.022094249725341797
0.003339529037475586
0.0030913352966308594
0.0017521381378173828
0.0013866424560546875
0.0013873577117919922
0.023070812225341797
0.020349502563476562
0.020032405853271484
0.003091096878051758
0.003353595733642578
0.002396106719970703
0.0019443035125732422
0.001581430435180664
0.02305126190185547
0.0014369487762451172
0.0013623237609863281
0.0013852119445800781
0.0014591217041015625
0.0014317035675048828
0.0015492439270019531
0.0015883445739746094
0.0014672279357910156
0.0017752647399902344
0.0014338493347167969
0.0014798641204833984
0.001378774642944336
0.0013740062713623047
0.0014624595642089844
0.001508474349975586
0.0014026165008544922
0.0013165473937988281
0.0013093948364257812
0.0013241767883300781
0.001331329345703125
0.0013124942779541016
0.0013320446014404297
0.001378774642944336
0.0019576549530029297
0.0013778209686279297
0.0013928413391113281
0.0013823509216308594
0.0013737678527832031
0.0013773441314697266
0.0013654232025146484
0.001384735107421875
0.0013904571533203125
0.0019083023071289062
0.001420736312866211
0.001443624496459961
0.001405477523803711
0.0016627311706542969
0.0014352798461914062
0.0013968944549560547
0.0016679763793945312
0.0014307498931884766
0.001645803451538086
0.0013620853424072266
0.0013418197631835938
0.0013027191162109375
0.0012881755828857422
0.0013418197631835938
0.0014269351959228516
0.001298666000366211
0.02600240707397461
0.0014748573303222656
0.0016241073608398438
0.0013928413391113281
0.0012807846069335938
0.001477956771850586
0.0013632774353027344
0.0013751983642578125
0.0013608932495117188
0.0013284683227539062
0.001425027847290039
0.001537322998046875
0.001470327377319336
0.001409292221069336
0.024651288986206055
0.020710229873657227
0.0028710365295410156
0.001748800277709961
0.0019750595092773438
0.0013666152954101562
0.001312255859375
0.021858930587768555
0.0015311241149902344
0.0017571449279785156
0.0014467239379882812
0.0014781951904296875
0.0013964176177978516
0.0013554096221923828
0.0012860298156738281
0.02283334732055664
0.0017426013946533203
0.0014748573303222656
0.0019292831420898438
0.0018773078918457031
0.001581430435180664
0.0014417171478271484
0.0014047622680664062
0.0013785362243652344
0.0014753341674804688
0.001491546630859375
0.0014140605926513672
0.001430511474609375
0.001661062240600586
0.001397848129272461
0.00150299072265625
0.0013909339904785156
0.0013585090637207031
0.001482248306274414
0.0014176368713378906
0.0013837814331054688
0.0013165473937988281
0.0013942718505859375
0.0013959407806396484
0.0014564990997314453
0.0016527175903320312
0.0014760494232177734
0.0014028549194335938
0.001482248306274414
0.0014798641204833984
0.001459360122680664
0.002073526382446289
0.020175695419311523
0.003482818603515625
0.0031054019927978516
0.0021266937255859375
0.0014061927795410156
0.002007007598876953
0.001453399658203125
0.018082141876220703
0.0015416145324707031
0.0013835430145263672
0.0014162063598632812
0.0013964176177978516
0.0014672279357910156
0.0013391971588134766
0.001361846923828125
0.0014030933380126953
0.0014128684997558594
0.0013692378997802734
0.0013737678527832031
0.001878499984741211
0.0014050006866455078
0.0014255046844482422
0.001298666000366211
0.0013337135314941406
0.0013883113861083984
0.0012412071228027344
0.001461029052734375
0.0013074874877929688
0.0013356208801269531
0.0013189315795898438
0.0013740062713623047
0.0018978118896484375
0.0013957023620605469
0.0015816688537597656
0.0014164447784423828
0.0014030933380126953
0.0013477802276611328
0.0016460418701171875
0.001874685287475586
0.0014176368713378906
0.0013761520385742188
0.001356363296508789
0.001432657241821289
0.0014116764068603516
0.0013632774353027344
0.0018908977508544922
0.0014243125915527344
0.001974344253540039
0.02167224884033203
0.0015239715576171875
0.0014035701751708984
0.0013434886932373047
0.001386404037475586
0.0014145374298095703
0.0013668537139892578
0.001313924789428711
0.0013399124145507812
0.0013990402221679688
0.0013403892517089844
0.001390695571899414
0.0013327598571777344
0.0013566017150878906
0.0018186569213867188
0.001783609390258789
0.0013685226440429688
0.0013093948364257812
0.0016155242919921875
0.0013422966003417969
0.0013127326965332031
0.0013697147369384766
0.0013356208801269531
0.0013670921325683594
0.0013883113861083984
0.0013267993927001953
0.001321554183959961
0.0013997554779052734
0.0015654563903808594
0.0014081001281738281
0.001466989517211914
0.0014066696166992188
0.001359701156616211
0.0017931461334228516
0.001422882080078125
0.001416921615600586
0.0019276142120361328
0.001392364501953125
0.0013973712921142578
0.0014262199401855469
0.0013508796691894531
0.0014503002166748047
0.0013408660888671875
0.0014982223510742188
0.0014312267303466797
0.0013568401336669922
0.0013813972473144531
0.0013959407806396484
0.001373291015625
0.0013468265533447266
0.0013976097106933594
0.0017588138580322266
0.0014088153839111328
0.0013206005096435547
0.0013227462768554688
0.0016300678253173828
0.001405477523803711
0.0013806819915771484
0.001348257064819336
0.020481109619140625
0.0014810562133789062
0.0014538764953613281
0.001399993896484375
0.0014209747314453125
0.0013911724090576172
0.0013909339904785156
0.0013954639434814453
0.0014030933380126953
0.0013403892517089844
0.0013666152954101562
0.0013942718505859375
0.0013833045959472656
0.0013885498046875
0.0013420581817626953
0.001735687255859375
0.0013263225555419922
0.0013000965118408203
0.0013823509216308594
0.0013360977172851562
0.001384735107421875
0.0013568401336669922
0.0013463497161865234
0.0014679431915283203
0.0013539791107177734
0.0015201568603515625
0.0014643669128417969
0.0013897418975830078
0.0013659000396728516
0.0014138221740722656
0.0013856887817382812
0.0013608932495117188
0.0013148784637451172
0.0013577938079833984
0.0018167495727539062
0.0013530254364013672
0.0013930797576904297
0.0017991065979003906
0.0013804435729980469
0.0013775825500488281
0.0013120174407958984
0.0013780593872070312
0.01848149299621582
0.019840002059936523
0.0024442672729492188
0.0017008781433105469
0.0013899803161621094
0.018054485321044922
0.001539468765258789
0.0015411376953125
0.0014164447784423828
0.0013883113861083984
0.0014929771423339844
0.0018763542175292969
0.0014138221740722656
0.0013997554779052734
0.0013232231140136719
0.0012402534484863281
0.0013446807861328125
0.0012314319610595703
0.001291513442993164
0.0013804435729980469
0.0012955665588378906
0.0013785362243652344
0.001329183578491211
0.0013761520385742188
0.001322031021118164
0.001384735107421875
0.0015957355499267578
0.0013833045959472656
0.0013935565948486328
0.0020110607147216797
0.0014507770538330078
0.0013544559478759766
0.001386880874633789
0.022099018096923828
0.02128124237060547
0.02372121810913086
0.0026428699493408203
0.0013952255249023438
0.001413583755493164
0.001340627670288086
0.00133514404296875
0.0013976097106933594
0.0015130043029785156
0.027078628540039062
0.02396249771118164
0.022984027862548828
0.0032432079315185547
0.003073453903198242
0.0016453266143798828
0.0014662742614746094
0.001348733901977539
0.0014994144439697266
0.0013806819915771484
0.00144195556640625
0.001961231231689453
0.0014996528625488281
0.0013225078582763672
0.0013539791107177734
0.001352548599243164
0.0013756752014160156
0.0015709400177001953
0.0016279220581054688
0.0014050006866455078
0.0013806819915771484
0.0018486976623535156
0.0015387535095214844
0.0017664432525634766
0.0013873577117919922
0.0017387866973876953
0.00144195556640625
0.0014579296112060547
0.0013873577117919922
0.0013887882232666016
0.0014567375183105469
0.0013718605041503906
0.0014123916625976562
0.0014066696166992188
0.02009129524230957
0.0036058425903320312
0.0031919479370117188
0.02096104621887207
0.019997596740722656
0.02396845817565918
0.003091096878051758
0.0029745101928710938
0.022031068801879883
0.021260499954223633
0.022721290588378906
0.0026056766510009766
0.0023736953735351562
0.0025336742401123047
0.0018274784088134766
0.0013880729675292969
0.0013835430145263672
0.0014138221740722656
0.0014693737030029297
0.0013370513916015625
0.001355886459350586
0.0013995170593261719
0.0013556480407714844
0.0014014244079589844
0.0013544559478759766
0.0013840198516845703
0.0014126300811767578
0.02518177032470703
0.00171661376953125
0.0014498233795166016
0.0014424324035644531
0.0014696121215820312
0.001392364501953125
0.001968860626220703
0.0013930797576904297
0.0013577938079833984
0.0012650489807128906
0.001325368881225586
0.0013358592987060547
0.001317739486694336
0.0013661384582519531
0.0013759136199951172
0.0016596317291259766
0.0014617443084716797
0.0013930797576904297
0.0016064643859863281
0.0014367103576660156
0.024218082427978516
0.02072739601135254
0.003075838088989258
0.003158092498779297
0.0030689239501953125
0.001962423324584961
0.002157926559448242
0.017627477645874023
0.0016589164733886719
0.018993854522705078
0.01987743377685547
0.02176189422607422
0.0032689571380615234
0.0030884742736816406
0.001733541488647461
0.022228479385375977
0.02428579330444336
0.003104686737060547
0.002954244613647461
0.003117799758911133
0.0014564990997314453
0.0013954639434814453
0.001657724380493164
0.025423526763916016
0.0017120838165283203
0.02338719367980957
0.002845287322998047
0.001436471939086914
0.0014748573303222656
0.0014188289642333984
0.0013675689697265625
0.001470804214477539
0.0013546943664550781
0.019206762313842773
0.00148773193359375
0.0013790130615234375
0.00146484375
0.001337289810180664
0.0013887882232666016
0.001331329345703125
0.0014050006866455078
0.02306509017944336
0.0029799938201904297
0.0029342174530029297
0.0029633045196533203
0.0019116401672363281
0.001741647720336914
0.0014269351959228516
0.022151470184326172
0.019410371780395508
0.00293731689453125
0.0014641284942626953
0.0013928413391113281
0.0014591217041015625
0.0015232563018798828
0.0013697147369384766
0.022027015686035156
0.0028901100158691406
0.0015788078308105469
0.0014576911926269531
0.02653217315673828
0.0033462047576904297
0.003133058547973633
0.0014622211456298828
0.0014150142669677734
0.001432657241821289
0.0013928413391113281
0.0019261837005615234
0.001455545425415039
0.0014657974243164062
0.002101421356201172
0.0014281272888183594
0.0013566017150878906
0.0013973712921142578
0.0013203620910644531
0.0013985633850097656
0.0013670921325683594
0.0014045238494873047
0.001367807388305664
0.0014095306396484375
0.0013508796691894531
0.00218963623046875
0.0014569759368896484
0.0014142990112304688
0.0013380050659179688
0.0017771720886230469
0.002099275588989258
0.00141143798828125
0.001348733901977539
0.001338958740234375
0.0013701915740966797
0.0013353824615478516
0.0013670921325683594
0.0013852119445800781
0.0017688274383544922
0.0014088153839111328
0.0014061927795410156
0.0014159679412841797
0.001649618148803711
0.0013744831085205078
0.0013763904571533203
0.0014004707336425781
0.0014035701751708984
0.0013554096221923828
0.001287698745727539
0.0017287731170654297
0.0013680458068847656
0.0013234615325927734
0.0018639564514160156
0.001374959945678711
0.001430511474609375
0.0013911724090576172
0.0013141632080078125
0.0014200210571289062
0.0013010501861572266
0.0012695789337158203
0.0013577938079833984
0.0013687610626220703
0.0013794898986816406
0.0013189315795898438
0.0013017654418945312
0.0013756752014160156
0.001352548599243164
0.0013892650604248047
0.0013234615325927734
0.0013911724090576172
0.0013992786407470703
0.0013194084167480469
0.0014154911041259766
0.0013175010681152344
0.0013837814331054688
0.001312255859375
0.0013668537139892578
0.0013480186462402344
0.0013966560363769531
0.0013689994812011719
0.0013098716735839844
0.0013399124145507812
0.001316070556640625
0.0013496875762939453
0.0013747215270996094
0.02429795265197754
0.0021774768829345703
0.001657724380493164
0.0014085769653320312
0.0013682842254638672
0.0014150142669677734
0.0014455318450927734
0.0013628005981445312
0.0014300346374511719
0.001390695571899414
0.001461029052734375
0.0013549327850341797
0.0013041496276855469
0.0014204978942871094
0.0020034313201904297
0.0014019012451171875
0.0013990402221679688
0.0014340877532958984
0.0014071464538574219
0.0013382434844970703
0.0013680458068847656
0.0013320446014404297
0.0017910003662109375
0.0013706684112548828
0.0013670921325683594
0.0013878345489501953
0.0013270378112792969
0.0013725757598876953
0.0013477802276611328
0.0013761520385742188
0.001438140869140625
0.0013670921325683594
0.0013575553894042969
0.0014107227325439453
0.0013561248779296875
0.0014150142669677734
0.0015194416046142578
0.001706838607788086
0.0013833045959472656
0.0013356208801269531
0.0014421939849853516
0.0013279914855957031
0.024494409561157227
0.00148773193359375
0.0013434886932373047
0.0020198822021484375
0.0017254352569580078
0.0017113685607910156
0.0013611316680908203
0.0013844966888427734
0.001348257064819336
0.0013737678527832031
0.0013375282287597656
0.0013363361358642578
0.0013692378997802734
0.0013511180877685547
0.02456521987915039
0.0015566349029541016
0.0014796257019042969
0.0013568401336669922
0.001363515853881836
0.0013728141784667969
0.0013630390167236328
0.0013341903686523438
0.0014200210571289062
0.0014100074768066406
0.0013957023620605469
0.0013873577117919922
0.001619100570678711
0.0014269351959228516
0.0014324188232421875
0.0013377666473388672
0.0017995834350585938
0.001361846923828125
0.0013208389282226562
0.0013670921325683594
0.0013735294342041016
0.0013737678527832031
0.0013222694396972656
0.0013453960418701172
0.0013158321380615234
0.0013287067413330078
0.0014121532440185547
0.0013396739959716797
0.0013267993927001953
0.02132415771484375
0.0200197696685791
0.0025365352630615234
0.0024526119232177734
0.02701282501220703
0.0029671192169189453
0.0021991729736328125
0.0014729499816894531
0.0013768672943115234
0.0013437271118164062
0.0014295578002929688
0.0014233589172363281
0.001331329345703125
0.001390695571899414
0.0013322830200195312
0.0013616085052490234
0.001390695571899414
0.0013811588287353516
0.001306295394897461
0.0013897418975830078
0.001451253890991211
0.0013561248779296875
0.0013422966003417969
0.0013806819915771484
0.0018491744995117188
0.0013840198516845703
0.0013027191162109375
0.001374959945678711
0.0013000965118408203
0.001337289810180664
0.0013132095336914062
0.0014040470123291016
0.023389816284179688
0.0015196800231933594
0.01918649673461914
0.0033538341522216797
0.002892017364501953
0.0033004283905029297
0.001373291015625
0.0014395713806152344
0.0013828277587890625
0.0014810562133789062
0.0014765262603759766
0.0014011859893798828
0.0013737678527832031
0.0014719963073730469
0.001373291015625
0.021399497985839844
0.003092527389526367
0.003248453140258789
0.020772933959960938
0.0014863014221191406
0.001468658447265625
0.0014407634735107422
0.001739501953125
0.001956462860107422
0.001374959945678711
0.0013566017150878906
0.0013458728790283203
0.0014259815216064453
0.0016858577728271484
0.001558542251586914
0.0013086795806884766
0.001371145248413086
0.0014510154724121094
0.0013611316680908203
0.0013642311096191406
0.0016834735870361328
0.0013706684112548828
0.001401662826538086
0.0013840198516845703
0.001321554183959961
0.0013756752014160156
0.0012996196746826172
0.0013730525970458984
0.0013651847839355469
0.0012881755828857422
0.0014007091522216797
0.02189159393310547
0.0028924942016601562
0.0018868446350097656
0.0014488697052001953
0.0013527870178222656
0.0013422966003417969
0.0016658306121826172
0.0014204978942871094
0.0013246536254882812
0.022458314895629883
0.019538164138793945
0.024326086044311523
0.003204345703125
0.0031549930572509766
0.001969575881958008
0.0015985965728759766
0.001486063003540039
0.0014939308166503906
0.0015025138854980469
0.0013380050659179688
0.02353525161743164
0.0015494823455810547
0.019025564193725586
0.003190755844116211
0.0015234947204589844
0.001434326171875
0.021485567092895508
0.003198862075805664
0.0031561851501464844
0.0021431446075439453
0.0020890235900878906
0.0014095306396484375
0.001489877700805664
0.0014197826385498047
0.0014791488647460938
0.0018758773803710938
0.0014395713806152344
0.0014178752899169922
0.0013585090637207031
0.001960277557373047
0.0013492107391357422
0.0013997554779052734
0.0013501644134521484
0.0016794204711914062
0.0013654232025146484
0.0013763904571533203
0.0013735294342041016
0.0013234615325927734
0.0014641284942626953
0.0013706684112548828
0.0013628005981445312
0.0013992786407470703
0.0014336109161376953
0.0013718605041503906
0.0020503997802734375
0.021664857864379883
0.003324270248413086
0.0034470558166503906
0.003021717071533203
0.0019030570983886719
0.001435995101928711
0.0013477802276611328
0.0013613700866699219
0.0014824867248535156
0.0014507770538330078
0.0014071464538574219
0.0014841556549072266
0.0014328956604003906
0.0013844966888427734
0.0014178752899169922
0.0014002323150634766
0.001386880874633789
0.0013580322265625
0.0013897418975830078
0.0013651847839355469
0.0013437271118164062
0.0014200210571289062
0.001415252685546875
0.0014369487762451172
0.02197265625
0.0029354095458984375
0.0014963150024414062
0.0017986297607421875
0.0014312267303466797
0.001422882080078125
0.0014312267303466797
0.021021604537963867
0.0015230178833007812
0.0013897418975830078
0.001443624496459961
0.0014595985412597656
0.001352548599243164
0.0013322830200195312
0.0013744831085205078
0.021547555923461914
0.0014827251434326172
0.0013725757598876953
0.001493692398071289
0.0014293193817138672
0.0013799667358398438
0.001325368881225586
0.0012791156768798828
0.0013587474822998047
0.0013802051544189453
0.0014061927795410156
0.0013432502746582031
0.002220630645751953
0.0014657974243164062
0.0014278888702392578
0.0013852119445800781
0.0014111995697021484
0.0013442039489746094
0.0013623237609863281
0.001344442367553711
0.0013275146484375
0.001379251480102539
0.0013859272003173828
0.001331329345703125
0.0013866424560546875
0.001333475112915039
0.001337289810180664
0.001720428466796875
0.0017962455749511719
0.0018239021301269531
0.0012843608856201172
0.0012314319610595703
0.001256704330444336
0.0014030933380126953
0.0015521049499511719
0.001359701156616211
0.0013964176177978516
0.02038288116455078
0.001493692398071289
0.0014519691467285156
0.0014612674713134766
0.0013735294342041016
0.0013895034790039062
0.0013599395751953125
0.0013375282287597656
0.0013823509216308594
0.0013513565063476562
0.0013761520385742188
0.0014624595642089844
0.0013813972473144531
0.0013239383697509766
0.0013227462768554688
0.0013282299041748047
0.0013077259063720703
0.00140380859375
0.0013680458068847656
0.0013880729675292969
0.0018107891082763672
0.0014176368713378906
0.0013489723205566406
0.0013604164123535156
0.0013980865478515625
0.0013964176177978516
0.0013668537139892578
0.0014469623565673828
0.0013816356658935547
0.0013875961303710938
0.0015804767608642578
0.001692056655883789
0.0013630390167236328
0.0013844966888427734
0.001344442367553711
0.0013098716735839844
0.001323699951171875
0.0016896724700927734
0.0014362335205078125
0.0014567375183105469
0.021240711212158203
0.003770589828491211
0.002955913543701172
0.0013718605041503906
0.0018339157104492188
0.0017852783203125
0.0014488697052001953
0.0014142990112304688
0.0013756752014160156
0.0013155937194824219
0.0013034343719482422
0.001298666000366211
0.0013248920440673828
0.0013620853424072266
0.0015192031860351562
0.0013573169708251953
0.0013434886932373047
0.001316070556640625
0.0014121532440185547
0.0017478466033935547
0.0017817020416259766
0.001416921615600586
0.0013186931610107422
0.0018110275268554688
0.0013802051544189453
0.0017819404602050781
0.0014221668243408203
0.02088189125061035
0.0014538764953613281
0.0013720989227294922
0.0013403892517089844
0.0017566680908203125
0.0013997554779052734
0.0015285015106201172
0.0014066696166992188
0.00139617919921875
0.0013718605041503906
0.0014791488647460938
0.0014240741729736328
0.0013728141784667969
0.0013930797576904297
0.0017726421356201172
0.0014007091522216797
0.0013804435729980469
0.0014491081237792969
0.0013697147369384766
0.001420736312866211
0.001444101333618164
0.0013508796691894531
0.0013666152954101562
0.0013797283172607422
0.0013318061828613281
0.0013957023620605469
0.0013539791107177734
0.0014371871948242188
0.001458883285522461
0.0014579296112060547
0.0014009475708007812
0.0014808177947998047
0.001341104507446289
0.001974821090698242
0.0013930797576904297
0.0018420219421386719
0.0013391971588134766
0.0013573169708251953
0.018187284469604492
0.0014660358428955078
0.0013575553894042969
0.0013949871063232422
0.001420736312866211
0.0013229846954345703
0.0014581680297851562
0.001369476318359375
0.001360177993774414
0.001354217529296875
0.0014543533325195312
0.0014069080352783203
0.0016674995422363281
0.0018160343170166016
0.02117013931274414
0.0018870830535888672
0.0014309883117675781
0.0014214515686035156
0.0013895034790039062
0.001409292221069336
0.0013484954833984375
0.0014121532440185547
0.0018794536590576172
0.0015063285827636719
0.0014619827270507812
0.0013737678527832031
0.0013778209686279297
0.0013682842254638672
0.0013523101806640625
0.0013399124145507812
0.0014023780822753906
0.001394033432006836
0.0018181800842285156
0.0017254352569580078
0.0013589859008789062
0.001405477523803711
0.0013968944549560547
0.0016543865203857422
0.0013740062713623047
0.0013184547424316406
0.001409769058227539
0.001405477523803711
0.0014314651489257812
0.0013518333435058594
0.0013699531555175781
0.0014183521270751953
0.0013360977172851562
0.0014040470123291016
0.001329660415649414
0.0013620853424072266
0.0013554096221923828
0.001332998275756836
0.0013883113861083984
0.0016646385192871094
0.0014154911041259766
0.001409292221069336
0.0014545917510986328
0.001377105712890625
0.0014107227325439453
0.0013842582702636719
0.0013852119445800781
0.021753549575805664
0.02031397819519043
0.0025033950805664062
0.021717548370361328
0.0015635490417480469
0.017960786819458008
0.0025289058685302734
0.002521038055419922
0.018889188766479492
0.002958536148071289
0.003178119659423828
0.0022268295288085938
0.01954340934753418
0.0016789436340332031
0.001413106918334961
0.0024061203002929688
0.0014526844024658203
0.0014090538024902344
0.0013835430145263672
0.0018148422241210938
0.0013616085052490234
0.001329183578491211
0.001413106918334961
0.001352548599243164
0.0014653205871582031
0.001394033432006836
0.0014352798461914062
0.001447916030883789
0.001438140869140625
0.0013947486877441406
0.0013535022735595703
0.0014111995697021484
0.0013725757598876953
0.00147247314453125
0.001374959945678711
0.001399993896484375
0.0013546943664550781
0.0018377304077148438
0.0014483928680419922
0.021768569946289062
0.019997835159301758
0.0032041072845458984
0.0014722347259521484
0.0013680458068847656
0.0015761852264404297
0.0013735294342041016
0.0014460086822509766
0.0013720989227294922
0.0014123916625976562
0.001924276351928711
0.001451730728149414
0.0013718605041503906
0.0013124942779541016
0.0013995170593261719
0.0013799667358398438
0.001425027847290039
0.0014247894287109375
0.0014011859893798828
0.0020143985748291016
0.01951909065246582
0.0025365352630615234
0.002474546432495117
0.01946091651916504
0.0034668445587158203
0.0031709671020507812
0.0014233589172363281
0.0014111995697021484
0.0013914108276367188
0.0013742446899414062
0.001562356948852539
0.0013327598571777344
0.001688241958618164
0.0013813972473144531
0.0013284683227539062
0.0013208389282226562
0.001398324966430664
0.0013568401336669922
0.0013928413391113281
0.001680135726928711
0.0013339519500732422
0.0013549327850341797
0.001337289810180664
0.0013508796691894531
0.001295328140258789
0.0013840198516845703
0.024099349975585938
0.0015342235565185547
0.0013611316680908203
0.001401662826538086
0.0016360282897949219
0.0013608932495117188
0.0013194084167480469
0.0014338493347167969
0.0013821125030517578
0.0017895698547363281
0.0014183521270751953
0.002199888229370117
0.0014367103576660156
0.025583982467651367
0.0016603469848632812
0.018714427947998047
0.003480195999145508
0.0015964508056640625
0.0019903182983398438
0.00125885009765625
0.0013391971588134766
0.0013647079467773438
0.0014443397521972656
0.001321554183959961
0.001416921615600586
0.0014731884002685547
0.0013513565063476562
0.0013849735260009766
0.0013189315795898438
0.0014221668243408203
0.0014667510986328125
0.0013637542724609375
0.00146484375
0.0013666152954101562
0.0013561248779296875
0.0014772415161132812
0.001539468765258789
0.0013194084167480469
0.0013234615325927734
0.0013933181762695312
0.001390695571899414
0.0013570785522460938
0.0013928413391113281
0.0014071464538574219
0.001413583755493164
0.0013840198516845703
0.0013439655303955078
0.022588729858398438
0.003137350082397461
0.0029785633087158203
0.0014832019805908203
0.001562356948852539
0.001451730728149414
0.0015115737915039062
0.0016126632690429688
0.0015249252319335938
0.0014231204986572266
0.00147247314453125
0.0014262199401855469
0.001486063003540039
0.0013804435729980469
0.020231008529663086
0.0016074180603027344
0.001688241958618164
0.0015459060668945312
0.0016314983367919922
0.0014500617980957031
0.00151824951171875
0.018396377563476562
0.0015988349914550781
0.0016360282897949219
0.001497507095336914
0.0014557838439941406
0.0014128684997558594
0.0017545223236083984
0.0017123222351074219
0.0014925003051757812
0.001392364501953125
0.0014598369598388672
0.0013844966888427734
0.0016291141510009766
0.0016727447509765625
0.0016589164733886719
0.0013058185577392578
0.0012614727020263672
0.0013434886932373047
0.0013587474822998047
0.0012662410736083984
0.0013835430145263672
0.0013818740844726562
0.0013318061828613281
0.001352548599243164
0.0013971328735351562
0.001325845718383789
0.0013713836669921875
0.0013484954833984375
0.0013844966888427734
0.001394033432006836
0.0013875961303710938
0.0013918876647949219
0.0013446807861328125
0.018351316452026367
0.0015435218811035156
0.0017077922821044922
0.001352548599243164
0.001378774642944336
0.0014073848724365234
0.0013217926025390625
0.0013613700866699219
0.00183868408203125
0.0014677047729492188
0.00142669677734375
0.0014634132385253906
0.0014071464538574219
0.0013661384582519531
0.0014269351959228516
0.0013821125030517578
0.0013394355773925781
0.0013782978057861328
0.0013051033020019531
0.0013399124145507812
0.0013124942779541016
0.001348733901977539
0.0013685226440429688
0.001322031021118164
0.0013196468353271484
0.0014216899871826172
0.0018932819366455078
0.0014560222625732422
0.0014984607696533203
0.002091646194458008
0.001432657241821289
0.0014278888702392578
0.0013706684112548828
0.001341104507446289
0.0013928413391113281
0.0015096664428710938
0.0013651847839355469
0.0013439655303955078
0.0013842582702636719
0.0014126300811767578
0.0013251304626464844
0.0014219284057617188
0.0014119148254394531
0.0013751983642578125
0.0018644332885742188
0.0013613700866699219
0.0014204978942871094
0.0014417171478271484
0.0013456344604492188
0.0014188289642333984
0.0014507770538330078
0.0013380050659179688
0.0013942718505859375
0.001447916030883789
0.0013887882232666016
0.0014216899871826172
0.0014524459838867188
0.0014002323150634766
0.001352548599243164
0.0013895034790039062
0.0014102458953857422
0.001422882080078125
0.0013766288757324219
0.001346588134765625
0.001352071762084961
0.001401662826538086
0.0014858245849609375
0.0014672279357910156
0.0013566017150878906
0.0014216899871826172
0.0019237995147705078
0.0014607906341552734
0.001354217529296875
0.001399993896484375
0.0016322135925292969
0.0013446807861328125
0.0014677047729492188
0.0013349056243896484
0.001363515853881836
0.0013158321380615234
0.0013344287872314453
0.001332998275756836
0.0013113021850585938
0.0014190673828125
0.001729726791381836
0.0017724037170410156
0.0017354488372802734
0.0014071464538574219
0.001338958740234375
0.001367807388305664
0.0013747215270996094
0.0178835391998291
0.003159761428833008
0.021322250366210938
0.019443988800048828
0.002502918243408203
0.002433300018310547
0.023042917251586914
0.002452850341796875
0.0018684864044189453
0.0014269351959228516
0.001375436782836914
0.001382589340209961
0.0013527870178222656
0.0019273757934570312
0.0013315677642822266
0.0012853145599365234
0.0012919902801513672
0.0012810230255126953
0.001348257064819336
0.001386880874633789
0.0013468265533447266
0.001386880874633789
0.001470804214477539
0.0014579296112060547
0.0013494491577148438
0.0015571117401123047
0.0015039443969726562
0.0013885498046875
0.0014221668243408203
0.001374959945678711
0.0014448165893554688
0.0013549327850341797
0.0013208389282226562
0.0014121532440185547
0.020348787307739258
0.0014355182647705078
0.0012981891632080078
0.0014116764068603516
0.0013599395751953125
0.0014090538024902344
0.0013306140899658203
0.0013616085052490234
0.0013327598571777344
0.0013551712036132812
0.0013496875762939453
0.0013744831085205078
0.0014455318450927734
0.0013513565063476562
0.0013628005981445312
0.0013763904571533203
0.001346588134765625
0.02158331871032715
0.0029909610748291016
0.003348112106323242
0.0036163330078125
0.0028929710388183594
0.019701242446899414
0.0015401840209960938
0.001439809799194336
0.0014691352844238281
0.0014438629150390625
0.0013730525970458984
0.0013730525970458984
0.0017514228820800781
0.0013775825500488281
0.0013811588287353516
0.0014035701751708984
0.0017642974853515625
0.0013642311096191406
0.0012624263763427734
0.0013017654418945312
0.0012204647064208984
0.0012764930725097656
0.0013115406036376953
0.0012848377227783203
0.0016331672668457031
0.001367330551147461
0.001413583755493164
0.0013461112976074219
0.0013873577117919922
0.0013794898986816406
0.0013501644134521484
0.0013723373413085938
0.0013568401336669922
0.0014941692352294922
0.0014383792877197266
0.0013756752014160156
0.0013539791107177734
0.001401662826538086
0.0014243125915527344
0.0013675689697265625
0.0014019012451171875
0.00180816650390625
0.0014412403106689453
0.001340627670288086
0.0016510486602783203
0.0014202594757080078
0.0014204978942871094
0.001436471939086914
0.0014452934265136719
0.0013980865478515625
0.001421213150024414
0.0013506412506103516
0.0019507408142089844
0.0013802051544189453
0.0013432502746582031
0.0013508796691894531
0.001344442367553711
0.0014302730560302734
0.0017325878143310547
0.0013782978057861328
0.001386404037475586
0.0015194416046142578
0.018842697143554688
0.020931243896484375
0.0031354427337646484
0.0015981197357177734
0.0013880729675292969
0.0014181137084960938
0.0013947486877441406
0.018221139907836914
0.0014870166778564453
0.0013730525970458984
0.0013582706451416016
0.001430511474609375
0.0014393329620361328
0.0013797283172607422
0.0013728141784667969
0.0013458728790283203
0.001893758773803711
0.0014579296112060547
0.001438140869140625
0.0014901161193847656
0.002168893814086914
0.00145721435546875
0.0014061927795410156
0.0019648075103759766
0.0014700889587402344
0.0014979839324951172
0.0012714862823486328
0.0013582706451416016
0.0017926692962646484
0.0014045238494873047
0.0020761489868164062
0.0013957023620605469
0.0013644695281982422
0.001659393310546875
0.020407915115356445
0.0030722618103027344
0.0030257701873779297
0.0032172203063964844
0.0017170906066894531
0.0014123916625976562
0.0013692378997802734
0.0014035701751708984
0.0013484954833984375
0.0013415813446044922
0.0013763904571533203
0.0013816356658935547
0.0013742446899414062
0.0013380050659179688
0.0013632774353027344
0.0017006397247314453
0.0013737678527832031
0.0013875961303710938
0.0013544559478759766
0.0014102458953857422
0.0013310909271240234
0.0014355182647705078
0.0013365745544433594
0.0013875961303710938
0.001672506332397461
0.0013422966003417969
0.0013036727905273438
0.0013966560363769531
0.0016345977783203125
0.0013506412506103516
0.0013740062713623047
0.001924753189086914
0.0014007091522216797
0.0014190673828125
0.0013628005981445312
0.0014483928680419922
0.0013751983642578125
0.0013668537139892578
0.0013804435729980469
0.0013523101806640625
0.0018343925476074219
0.0013699531555175781
0.0013852119445800781
0.001379251480102539
0.0013918876647949219
0.0013797283172607422
0.0013918876647949219
0.0016493797302246094
0.0013458728790283203
0.0013511180877685547
0.0013802051544189453
0.00197601318359375
0.0013551712036132812
0.0013244152069091797
0.0013778209686279297
0.0013175010681152344
0.0013515949249267578
0.0013360977172851562
0.0013325214385986328
0.020694255828857422
0.019168376922607422
0.0033843517303466797
0.0028960704803466797
0.0024242401123046875
0.0014462471008300781
0.0014190673828125
0.0014154911041259766
0.0013413429260253906
0.0014083385467529297
0.001455068588256836
0.0013484954833984375
0.0013422966003417969
0.0013756752014160156
0.0013315677642822266
0.0013196468353271484
0.001493692398071289
0.0014350414276123047
0.001348257064819336
0.001382589340209961
0.0014090538024902344
0.0013611316680908203
0.0013244152069091797
0.0013146400451660156
0.021519184112548828
0.0025031566619873047
0.001428365707397461
0.0013227462768554688
0.017629384994506836
0.0022232532501220703
0.023939847946166992
0.02273869514465332
0.0031523704528808594
0.0030558109283447266
0.0023491382598876953
0.0014920234680175781
0.0014607906341552734
0.001992464065551758
0.0014531612396240234
0.0014443397521972656
0.0020389556884765625
0.0014128684997558594
0.001329660415649414
0.0013887882232666016
0.0013289451599121094
0.001486063003540039
0.0013422966003417969
0.0013642311096191406
0.0013048648834228516
0.0013899803161621094
0.0018076896667480469
0.0013773441314697266
0.0014362335205078125
0.0014116764068603516
0.0013468265533447266
0.0017452239990234375
0.019829273223876953
0.002989530563354492
0.0016069412231445312
0.001367807388305664
0.0013735294342041016
0.001352071762084961
0.0014443397521972656
0.0013799667358398438
0.0013260841369628906
0.0017659664154052734
0.0014495849609375
0.0014102458953857422
0.0014088153839111328
0.0013341903686523438
0.0013165473937988281
0.001360177993774414
0.001329660415649414
0.0013344287872314453
0.0013470649719238281
0.0013179779052734375
0.0013473033905029297
0.0014328956604003906
0.0013284683227539062
0.0013840198516845703
0.0013606548309326172
0.0014324188232421875
0.0013363361358642578
0.0017910003662109375
0.0014033317565917969
0.0014040470123291016
0.0015308856964111328
0.0015115737915039062
0.0013623237609863281
0.020215511322021484
0.0014834403991699219
0.0013332366943359375
0.02181243896484375
0.0031125545501708984
0.0031719207763671875
0.002161264419555664
0.001398324966430664
0.0014221668243408203
0.0013782978057861328
0.0013799667358398438
0.0014438629150390625
0.0013782978057861328
0.0014007091522216797
0.0013246536254882812
0.00138092041015625
0.0013823509216308594
0.001386404037475586
0.001402139663696289
0.0013506412506103516
0.0018467903137207031
0.0014293193817138672
0.0014033317565917969
0.020093441009521484
0.0014815330505371094
0.0013546943664550781
0.0014567375183105469
0.0013642311096191406
0.0013921260833740234
0.0014042854309082031
0.020039796829223633
0.0019795894622802734
0.0014243125915527344
0.001435995101928711
0.0013310909271240234
0.0013575553894042969
0.0013327598571777344
0.0017445087432861328
0.0013680458068847656
0.020483016967773438
0.001840829849243164
0.0015437602996826172
0.0014030933380126953
0.0014429092407226562
0.0017294883728027344
0.0016579627990722656
0.0014886856079101562
0.02387714385986328
0.0015099048614501953
0.0014405250549316406
0.0013592243194580078
0.001438140869140625
0.0013699531555175781
0.0013775825500488281
0.0014433860778808594
0.0014061927795410156
0.00201416015625
0.001699209213256836
0.0013637542724609375
0.0013110637664794922
0.0014142990112304688
0.0013780593872070312
0.0014042854309082031
0.023781776428222656
0.0026619434356689453
0.002419710159301758
0.002642393112182617
0.002203226089477539
0.0014355182647705078
0.001714944839477539
0.0015208721160888672
0.0014314651489257812
0.018535137176513672
0.01998305320739746
0.003301382064819336
0.003140687942504883
0.0030498504638671875
0.001728057861328125
0.0014004707336425781
0.0015828609466552734
0.0014176368713378906
0.0013859272003173828
0.0013637542724609375
0.0013785362243652344
0.001390218734741211
0.001394510269165039
0.0013456344604492188
0.0013904571533203125
0.0015337467193603516
0.0018477439880371094
0.0014679431915283203
0.0014412403106689453
0.0014405250549316406
0.019325971603393555
0.0031914710998535156
0.019979238510131836
0.02042388916015625
0.0024747848510742188
0.0023343563079833984
0.002460002899169922
0.001422882080078125
0.0013401508331298828
0.0014338493347167969
0.001748800277709961
0.0014004707336425781
0.0013899803161621094
0.0016608238220214844
0.0013709068298339844
0.0016603469848632812
0.001413106918334961
0.0013942718505859375
0.001325368881225586
0.001331329345703125
0.0015249252319335938
0.0013642311096191406
0.0013079643249511719
0.0015025138854980469
0.001399993896484375
0.0013964176177978516
0.0013966560363769531
0.0013778209686279297
0.01840043067932129
0.00193023681640625
0.0019381046295166016
0.0015156269073486328
0.0014345645904541016
0.001344919204711914
0.0013630390167236328
0.0013642311096191406
0.001424551010131836
0.0013651847839355469
0.0013821125030517578
0.0013823509216308594
0.0013060569763183594
0.0015442371368408203
0.0013697147369384766
0.0014011859893798828
0.0014221668243408203
0.0013303756713867188
0.0013227462768554688
0.0013959407806396484
0.0014042854309082031
0.001402139663696289
0.00136566162109375
0.0013377666473388672
0.0014350414276123047
0.0013875961303710938
0.0017850399017333984
0.0014488697052001953
0.001451253890991211
0.0015070438385009766
0.0013418197631835938
0.0013654232025146484
0.0013298988342285156
0.0014078617095947266
0.001756906509399414
0.0013453960418701172
0.0014328956604003906
0.0013766288757324219
0.0016808509826660156
0.0013704299926757812
0.0014071464538574219
0.0014109611511230469
0.020007610321044922
0.001495361328125
0.0017290115356445312
0.0014939308166503906
0.0014629364013671875
0.0014584064483642578
0.0014827251434326172
0.0013706684112548828
0.0014123916625976562
0.0013480186462402344
0.0013713836669921875
0.001636505126953125
0.0013835430145263672
0.0013728141784667969
0.0014390945434570312
0.0013892650604248047
0.001409292221069336
0.0013875961303710938
0.021321773529052734
0.023538589477539062
0.003255128860473633
0.003158092498779297
0.0018794536590576172
0.0013496875762939453
0.0014286041259765625
0.0013890266418457031
0.0013630390167236328
0.001390695571899414
0.00139617919921875
0.0013964176177978516
0.0014510154724121094
0.001378774642944336
0.0014183521270751953
0.0013823509216308594
0.0014996528625488281
0.0016026496887207031
0.0014944076538085938
0.0014905929565429688
0.001458883285522461
0.019214630126953125
0.003071308135986328
0.003090381622314453
0.0030355453491210938
0.002280712127685547
0.0013980865478515625
0.0014638900756835938
0.0013990402221679688
0.001369476318359375
0.0013380050659179688
0.001512765884399414
0.0013477802276611328
0.0013875961303710938
0.0017495155334472656
0.0014178752899169922
0.0014162063598632812
0.0013818740844726562
0.0015137195587158203
0.0013816356658935547
0.0013918876647949219
0.0013175010681152344
0.0013611316680908203
0.0013699531555175781
0.001453399658203125
0.0014045238494873047
0.001390695571899414
0.0018231868743896484
0.0013904571533203125
0.0013928413391113281
0.0013885498046875
0.001302480697631836
0.0014100074768066406
0.0014972686767578125
0.0014772415161132812
0.0019488334655761719
0.0014324188232421875
0.0013585090637207031
0.0014102458953857422
0.001369476318359375
0.001390218734741211
0.0013747215270996094
0.001314401626586914
0.0013530254364013672
0.0013370513916015625
0.00131988525390625
0.0013430118560791016
0.0013577938079833984
0.001415252685546875
0.0013911724090576172
0.021503448486328125
0.0029065608978271484
0.0029082298278808594
0.0028276443481445312
0.0013666152954101562
0.001809835433959961
0.0014050006866455078
0.0014445781707763672
0.001384735107421875
0.0017368793487548828
0.0013582706451416016
0.001310110092163086
0.0013418197631835938
0.001367807388305664
0.0013136863708496094
0.0013284683227539062
0.0013358592987060547
0.0013551712036132812
0.0013382434844970703
0.0014052391052246094
0.0015215873718261719
0.0013391971588134766
0.0013594627380371094
0.0013074874877929688
0.0014073848724365234
0.0017764568328857422
0.019904613494873047
0.020587682723999023
0.002438783645629883
0.0023040771484375
0.0017955303192138672
0.0013408660888671875
0.0014121532440185547
0.0013709068298339844
0.0014538764953613281
0.0013952255249023438
0.0017457008361816406
0.0013968944549560547
0.0013649463653564453
0.0014672279357910156
0.0014171600341796875
0.0017001628875732422
0.0013582706451416016
0.0013165473937988281
0.0013735294342041016
0.0013549327850341797
0.0013298988342285156
0.0013539791107177734
0.0013957023620605469
0.0013890266418457031
0.0013127326965332031
0.0013897418975830078
0.0016438961029052734
0.0015010833740234375
0.0014295578002929688
0.0018858909606933594
0.0014646053314208984
0.0014674663543701172
0.001459360122680664
0.001323699951171875
0.0013632774353027344
0.0013227462768554688
0.0013706684112548828
0.0012879371643066406
0.0013303756713867188
0.0013208389282226562
0.0013921260833740234
0.0013794898986816406
0.0013699531555175781
0.0013990402221679688
0.001367807388305664
0.0013594627380371094
0.001552581787109375
0.0013959407806396484
0.0014760494232177734
0.018054485321044922
0.0014951229095458984
0.0013759136199951172
0.0014178752899169922
0.001371145248413086
0.0014717578887939453
0.0013768672943115234
0.001321554183959961
0.0012576580047607422
0.001744985580444336
0.019344091415405273
0.0016033649444580078
0.001504659652709961
0.0014374256134033203
0.0013763904571533203
0.001392364501953125
0.0013325214385986328
0.001451253890991211
0.0014085769653320312
0.0014736652374267578
0.0016007423400878906
0.001522064208984375
0.0014867782592773438
0.02028512954711914
0.003270864486694336
0.0027456283569335938
0.0014357566833496094
0.0013988018035888672
0.0013546943664550781
0.0014159679412841797
0.0014252662658691406
0.0013492107391357422
0.0017092227935791016
0.0014126300811767578
0.0013484954833984375
0.0013942718505859375
0.001344919204711914
0.0013763904571533203
0.0013742446899414062
0.0015201568603515625
0.0019240379333496094
