1.0586499066018555
1.0
1.113975995496886
1.0
1.0
1.0
1.0000000000000002
1.111111111111111
1.0
1.0127115436085599
1.0
0.9999999999999998
1.1111111111111112
1.0
1.0000000000000002
1.0
1.13711964256376
1.1111111111111112
1.09942786303127
1.0
1.004640365744976
1.0
1.0
1.0800967589146764
0.9999999999999999
1.0
1.0675784825803671
1.0
0.9999999999999999
1.0844810300248007
1.1111111111111112
1.1847992216641305
1.111111111111111
1.0000000000000002
0.9999999999999999
1.0000000000000002
1.0
1.0213731635797851
1.099760974191673
0.9999999999999999
1.0706853523507158
1.0361403896904287
1.0
1.0373964471773849
0.9999999999999998
1.019757246559037
1.0
1.0
1.0060483093347397
1.012579667852185
1.0
1.0
1.2582653721682848
1.1111111111111112
0.9783832054367404
0.9999999999999999
1.0078861788617888
1.0823785984297762
1.0418920337582787
1.0023692868893497
0.9978342825058155
1.0
1.0
0.9999999999999999
0.9999999999999999
1.0
1.0
1.0
1.1111111111111112
0.8682931132901716
0.9999999999999999
1.0677742385897548
0.9963112975553308
1.0019326570253342
1.0
1.0000000000000002
1.1111111111111114
1.1111111111111112
1.1111111111111112
1.2051137620953953
1.0210298178481003
1.1111111111111112
1.0
1.045976191664943
1.0494993592667405
1.004285813867961
1.0
1.0
1.0
1.0
1.0318909554343065
1.0
1.0
1.0
1.0
1.0
0.9612087596115495
1.0000000000000002
1.0
1.0000000000000002
1.0
1.0918292217625103
1.1094774590163936
1.0152084831840276
1.02245303640458
1.0
1.0
1.0528888797211167
1.0027018773539635
1.0604928509767793
1.0000000000000002
1.0000000000000002
0.9797624397361429
1.0
1.0
1.0
1.1111111111111107
0.9999999999999999
1.0031301455843753
0.9959145632156519
1.0691711052285318
1.0000000000000002
1.0
1.0977775264378216
1.0000000000000002
1.0000000000000002
1.1108900059506128
0.9999999999999999
1.0000000000000002
1.0
1.0
1.0034031368043588
1.0
1.1100626133224885
1.0
1.0
0.9999999999999999
1.0
0.9976918473028181
1.0
1.0
0.9999999999999999
0.9605722693488639
1.0
1.0
1.1234118363353367
1.111111111111111
1.0
1.0000000000000002
1.058317968878909
1.0
1.016955172985389
1.0000000000000002
1.0
1.0326815107821872
1.0237047240396955
1.1111111111111112
1.0000000000000002
1.0
0.9999999999999999
0.9999999999999999
1.0
0.9955853329178352
0.9571700978545084
1.111111111111111
1.0
1.0845993833810037
1.0
1.0
1.0
1.0
1.0
1.0
1.0129290021589699
1.0
1.0059553947669293
1.0
1.000000586624148
0.9999999999999999
1.0
1.0714506298252742
1.0
1.0549516698249335
1.0000000000000002
1.0
1.0518969468299344
0.9999999999999999
1.0699805795694173
1.0
1.2013513743077497
1.0673523270461958
0.9999999999999999
1.0259687299356206
0.9953149606299213
1.0
0.9999999999999997
1.156082413430883
1.0
1.0000000000000002
0.9999999999999999
1.0000000000000002
0.9999999999999999
1.0
1.0
1.0000000000000002
1.0305585049904435
1.111111111111111
1.0
1.0
1.0
1.0
1.0
0.9999999999999999
0.9999999999999999
1.0
1.0386662322146192
1.0000000000000002
1.0
1.0
1.0
0.9999999999999999
1.0
0.9999999999999999
1.0
0.9999999999999999
1.0078179240916452
1.0185739493216937
1.0000000000000002
1.1170948933171014
1.0
1.0529446857853475
0.9999999999999999
0.9093953406474973
1.0000000000000002
1.1486119090610638
1.0
1.0
1.0
1.0497234017543602
0.9926216900541895
1.0
1.0
1.0
1.0322006097244592
1.0272660410629946
1.1111111111111112
1.0084957486749115
1.0561387374101592
1.2449273734651092
1.0000000000000002
1.0
1.0547401980653242
1.1544424138013856
0.9610610481517903
1.1111111111111114
1.1111111111111112
1.1111111111111112
0.9999999999999998
1.0641038509150524
0.9999999999999999
1.0
1.0
1.0
1.0
1.0000000000000002
1.0
1.0502065621905834
1.1111111111111112
1.111111111111111
1.0
1.0
1.0
0.9974949102939307
0.9991007763022932
1.0
1.0
1.0000000000000002
1.1111111111111112
1.0000000000000002
0.9999999999999999
0.9999999999999999
1.0
1.0
1.0246772893611733
1.1420010898479227
1.0735752139953663
1.0
1.0
1.0
1.0
1.0709708531541693
1.0
0.9033091895902072
1.054485220803448
1.0
0.9999999999999999
1.0
1.1111111111111112
1.0000000000000002
1.0921425063729082
0.9999999999999999
1.0
1.0
1.0
0.9999999999999999
0.9429370519183801
1.013876802585778
1.0
1.0252046755950972
1.0
1.0000000000000002
1.0061847531317547
1.0
0.9999999999999997
1.087351980498521
1.0
1.0000000000000002
1.0
1.0
1.0000000000000002
1.0
1.0460224659079105
1.0
1.0205515055954786
0.9999999999999999
1.0
0.9999999999999999
1.0
0.9276549903015674
0.9999999999999999
1.0
0.9999999999999999
1.0000000000000002
0.9999999999999999
1.0
1.0
1.0340455181290653
1.0
1.1471379843308642
1.0000000000000002
1.0000000000000002
1.0
0.9999999999999999
1.0000000000000002
1.0
1.0
1.0
1.0
1.0
1.0189481443455024
1.0
1.0
0.9927777686587986
0.9460379112892308
1.1630262907405466
1.04584498434439
1.0
1.0
0.9458004578910522
1.0
1.019219013619581
1.0
1.0
1.1111111111111112
1.1111111111111112
1.0
1.0
1.0824341356943035
1.0216341120516885
1.0
1.003876722006358
0.9999999999999999
1.0
0.9869790276962485
1.1111111111111112
1.0
1.0
1.0
1.023304335641983
1.0064424731001451
1.0
1.0
1.0
1.0000000000000002
1.0
1.083062630923829
1.0230773492907803
1.2040913972850535
1.0
0.9471296933923595
1.0000000000000002
0.9999999999999999
1.0
1.1012533392058674
0.9999999999999998
1.0
1.0201786992614592
1.0
0.9999999999999999
1.0108860042432435
1.0
1.0000000000000002
1.0
1.0249908776104457
1.0
1.147180723274943
1.01261582973843
1.154729116386855
1.0
1.0
1.023543990086741
1.0
1.0
0.979261850620955
0.9999999999999998
1.0
1.0
1.0515156496638862
1.0000000000000002
1.0
1.0
0.9984257202858481
1.0000000000000002
1.0
1.0000000000000002
1.0
1.0
1.0000000000000002
0.9737523203160479
1.0
1.0
1.0000000000000002
1.0000000000000002
0.9820088728967759
1.0205184735491155
1.0000000000000002
1.1111111111111114
1.0
1.0
1.0000000000000002
1.0526439226281146
1.0
0.9999999999999999
1.0000000000000002
1.0000000000000002
1.0
1.1111111111111112
1.0101430317268218
1.0
1.0000000000000002
1.0
1.0
1.0
1.1773010468279816
0.9961125085753487
1.0533145800245856
1.136000985937419
1.0557998006400504
0.9999999999999998
1.0
1.0
1.0000813788646117
1.0
1.0325890416719228
1.0
1.0
0.9934305206147626
1.0000000000000002
1.0000000000000002
1.017114344338743
0.9826498242405192
1.0000000000000002
1.0000000000000002
0.9852273464591338
1.0418485871062981
1.0000000000000002
1.0389332209668782
1.0000000000000002
1.0
1.0
1.0
1.0428820492188025
1.0
1.0367010918171675
1.0
1.0751918500750195
1.0225808211652394
1.0266680322884194
1.0
1.0000000000000002
1.0579786550083579
0.9975275276332042
1.0108302352346965
0.9999999999999998
1.0
0.9512838735593117
1.0
1.0
1.0
1.0049238800768243
1.0000000000000002
1.14723171771595
1.0
1.0146015535189172
1.114528093904546
1.0
1.1111111111111112
1.0
1.0000000000000002
1.0143660121043314
1.0000000000000002
1.0
1.0000000000000002
1.111111111111111
1.208997456246487
1.0005982432077507
1.0306063302609987
1.0000000000000002
1.0
0.9999999999999999
1.0000000000000002
0.9999999999999999
1.0000000000000002
1.0
1.0
1.0
0.9999999999999999
1.0
1.1111111111111112
1.0
1.1838101660348188
1.0615111178180614
1.0
1.014516535452428
1.0088119869591452
0.9491719248985637
1.0
1.0
1.0
1.0000000000000004
1.1308395211631563
0.9999999999999999
1.0
1.0
1.0
1.0000000000000002
1.0
1.0
1.0136900236940207
0.9999999999999998
1.0
1.0
1.0
0.9999999999999998
1.0
1.1111111111111114
0.9999999999999999
0.9999647995775949
1.0
1.0
0.9999999999999999
1.005720911659909
0.9999999999999999
1.0
1.1107711138310892
1.0140460397971127
1.1111111111111112
1.2378330755676614
1.0
1.0
1.1160751969611704
0.9999999999999998
1.0
1.0
1.0607195210257678
1.0
1.0000000000000002
0.9999999999999998
1.2323837724854316
0.9999999999999999
1.1028784861354384
1.0
1.0136146334231277
1.0
1.0
1.0
1.0
1.0392424624941665
0.960051653970573
1.0
1.0264907764907765
1.0
1.0
1.111111111111111
1.0
1.0251610947446967
1.111111111111111
0.9841221202367063
1.0
1.0
1.0000000000000002
0.9999999999999999
1.0
1.0304165043987097
1.004260726566004
1.0
1.1111111111111112
1.001280409731114
1.0
1.0000000000000002
1.0
1.0
1.0939243779800094
1.0000000000000002
1.0
1.0
1.0000000000000002
1.0
1.0
1.0177114082305956
0.9999999999999999
1.0
0.9898145820511266
1.0267730152573054
0.9516217588843288
1.0
1.0
1.0
1.0000000000000002
1.1121064963071658
0.9949083844169766
0.9999999999999999
1.0
1.0
1.0994743192204128
1.0
1.0
1.0965066629129125
1.0364896481702204
1.0448979591836733
1.0357467508537455
1.0
1.0000000000000002
1.0
1.0
0.9999999999999999
1.0
1.0
1.2335990354670856
0.9999999999999999
0.925406988788838
1.0142319945683398
1.000001010949595
1.0
0.9999999999999999
1.0
1.0
0.9730756196463837
1.0000000000000002
1.0
1.0
0.9984594295220836
1.0
0.9999999999999998
0.9846396253653039
1.0
1.0632435318209708
0.971971575635068
1.0000000000000002
1.0967031883962743
1.0
1.0000000000000002
1.0
1.0187376082385824
0.9999999999999999
1.0000000000000002
1.0083993002194065
1.010827782505355
1.0000000000000002
1.0304286653845833
1.0
1.1111111111111114
1.0000000000000002
0.9999999999999999
1.22637831093551
1.0000000000000002
1.0943806728099754
1.0000000000000002
1.0041430801970108
1.0
1.0
1.0
1.0
1.2447557205167552
0.9999999999999999
1.0
1.0142091522898928
1.111111111111111
1.0000000000000002
1.0
1.1111111111111112
0.9749128191138694
1.0718232044198894
1.0
1.0399040861587818
1.0000000000000002
1.0
1.0
1.0208447949141146
1.0
0.9907124333702918
0.9999999999999999
1.017845464552792
1.0237300202555002
1.0
0.9638967016108408
1.111111111111111
0.9999999999999999
0.9999999999999999
1.0
1.0184144425201005
1.0
1.021838576614852
1.0000000000000002
1.0629995473991718
1.0
1.0000000000000002
1.0136475197237511
1.0
1.0
1.0
1.1456139807589085
1.0
1.0
1.0318512029156448
0.9999999999999998
0.9999999999999999
1.193248779392783
1.0036203397268288
1.1111111111111112
1.0171580654551506
1.2116343398539082
1.0
1.0089954566865722
1.0
1.012451143531597
0.9468917257028042
1.0077370486926802
0.9848248684502793
1.0
0.9999999999999998
1.0
1.0000000000000002
1.0000000000000002
1.0
1.0
0.9999999999999999
1.0
1.004086111889418
1.0
1.1577397743300422
1.0162489189352766
1.0903895672398038
1.0000000000000002
1.10233113871385
1.0
1.0775756327306434
1.0
1.0
0.9539439958372682
1.0
0.9999999999999999
1.0
1.0322635163683687
0.9591337049582586
1.0
1.0
1.0000000000000002
0.9999999999999999
1.0
1.0
1.0
0.9999999999999999
0.9999999999999999
1.0
1.0000000000000002
0.9999999999999999
1.0
1.111111111111111
1.0
1.0158020162762083
1.0
1.0000000000000002
1.012836000088933
1.0
1.0605439897659263
1.0058161986649539
1.0000000000000002
1.0
1.1904300587839616
1.0000000000000002
0.9999999999999999
1.0
1.0
1.068442221801821
1.0
1.0000000000000002
1.0886901093822217
1.0000000000000002
1.0
1.0000000000000002
1.0236117587955547
1.1713125647150906
1.0000000000000002
1.0
1.077821672170612
1.0
1.0
1.0
1.0
1.022797798833216
1.0
1.0960922629502252
1.0707106404310989
1.0
1.0240154614157944
1.0
1.0
1.0
1.0882096478122432
1.0000000000000002
1.1111111111111114
0.998359232572272
1.0
1.1141686300232925
1.0000000000000002
1.06032147641018
0.9999999999999999
1.1111111111111112
0.9999999999999999
1.0886837662080209
0.9999999999999998
1.0000000000000002
1.0747646463056508
1.0013639410240025
1.0000000000000002
1.0
0.9504145110016831
1.0
0.9999999999999999
1.0000338226341068
1.0000000000000002
0.9999999999999999
0.9999999999999999
1.0
1.111111111111111
1.0
0.9485709578700906
1.0
0.9725992542224172
1.0
1.0
1.0
1.0982755345420774
1.089432321640632
0.9999999999999999
1.0
1.0000000000000002
1.0033151854925217
1.0258404207055636
1.0000000000000002
1.0
1.0246770991386793
1.0
1.1343853903032106
1.0
1.0
1.111111111111111
1.0222946255803103
0.968118532767581
1.041579258431783
1.0618074638773158
1.0430751113085337
0.9999999999999999
1.0000000000000002
1.0315295623799785
1.1111111111111112
1.1111111111111112
0.9999999999999998
1.0
1.0
1.0
1.0
1.0
1.0
1.0000000000000002
0.9999999999999999
1.0000000000000002
1.0364149725717973
1.0
0.921263856384097
1.111111111111111
0.9411764705882353
1.1111111111111112
1.0
1.0840570591206007
1.0
1.0000000000000002
1.1111111111111112
1.007654416380934
1.0000000000000002
0.9999999999999998
1.0
1.1916832754113795
1.0277192170574523
1.0000000000000002
1.024797494370646
1.111111111111111
0.9999999999999998
1.0000000000000002
0.9999999999999999
1.0
1.0
1.043002770577521
1.0193881236945017
1.0
1.068398909125793
1.0042126963497433
1.0
0.9937423947857952
1.01709282527008
1.0
1.0
1.0
1.0465808738089704
1.111111111111111
1.0
1.0000000000000002
1.0
0.9299045243900169
1.0583093909272039
1.111111111111111
0.9999999999999998
0.9752895631538419
1.0
1.1603103549885596
1.0000000000000002
1.0
1.0
1.064148271553519
1.0
1.0
1.011349317910621
1.1840824182044603
1.0000000000000002
1.013337260181757
1.0
0.941176470588235
1.0706646829181452
1.111111111111111
1.0
1.0282797819278506
1.0
1.087796764715815
0.9999999999999999
1.0
1.0
0.9861732801618399
0.9939964604202822
1.0
1.0000000000000002
1.0000000000000002
1.0
1.0257846295052988
1.034771512879815
1.0558131684610739
1.0
0.9358326891694582
1.1111111111111112
1.0
1.0
1.1649351795706269
0.9999999999999999
1.0000000000000002
1.0213314467109733
1.0
1.0000000000000002
0.9433419279713882
1.0
0.9999999999999999
0.9999999999999999
1.0000000000000002
1.0320983520294673
0.9999999999999999
1.0000000000000002
1.0000000000000002
1.03575425575779
1.0
1.0000000000000002
1.0
1.0
1.0328316248327016
1.0000000000000002
1.0
0.9999999999999999
1.0174988815857393
1.0
1.0
0.9999999999999999
1.0
1.0
0.9999999999999999
0.9999999999999999
0.9999999999999999
1.0
0.999107577794665
0.9999999999999999
1.111111111111111
1.0294903865018639
1.0000000000000002
0.9999999999999999
1.0
1.0
1.0245448634590375
1.0
1.0
0.9999999999999999
0.9667861634235558
1.0
1.0000000000000002
1.0000000000000002
0.9999999999999999
1.0
1.0
1.0046320721816344
1.0
1.0000000000000002
1.070877266424217
1.062586412131339
0.9999999999999999
1.0
1.0
1.0581650194377643
1.0
1.0
1.0209066485034244
1.0000000000000002
1.0482665669234423
1.0
1.0924001358986697
1.0
1.0098570839072643
1.0
1.0121077025806196
1.073033747855613
1.0
0.9995377263863535
1.0
1.0365396537058662
1.0
1.106564792870017
1.0
1.0
1.0
0.9999999999999999
1.111111111111111
1.0
1.0
1.0
1.0
1.0
1.0363234540797657
1.0
0.9999999999999998
1.0
1.0000000000000002
1.0
1.0000000000000002
1.1111111111111114
1.0000000000000002
1.1050688065677468
1.0000000000000002
0.9999999999999999
0.9999999999999999
1.0
1.0000000000000002
1.0
1.0806956296257646
1.0
1.0
1.2000782191597374
1.0100440528634362
1.0000000000000002
1.0
1.0
1.111111111111111
0.9999999999999999
1.0
1.0
1.0
1.0027437710693736
1.0496568042802472
1.0
1.0
1.0
1.0
1.0
1.0
1.0000000000000002
0.980568666935159
1.0
0.9999999999999999
1.0
1.0
1.0264342908079365
1.008542661505279
0.9999999999999999
1.0748779133803388
0.9999999999999999
1.0000000000000002
1.0761624237323795
1.1481153274045004
1.111111111111111
0.9848544461003478
1.0
1.0000000000000002
1.1111111111111112
1.0244039065916097
1.0000000000000002
1.0000000000000002
1.0675366573023868
1.020065718790214
1.0
1.0
0.9999999999999999
1.0
1.0
1.0562675241972532
1.0000000000000002
1.0
1.0368278191390823
1.0
1.000000768628283
0.9999999999999999
1.0
1.1699018151282217
1.0
1.0
0.9940580628604049
1.0
1.0062980842502371
1.0
1.0806972340359482
1.0
1.0
1.0
1.0000000000000002
1.0636494759549247
1.0000000000000002
1.001396664232646
1.0
0.9999999999999999
1.0
1.0619465477948795
1.0
1.162474212680914
1.0000000000000002
1.0171134496197176
1.0000000000000002
1.0
1.0708922308999762
1.0
1.002587516962695
1.0000000000000002
1.0000000000000002
1.0000000000000002
1.0000000000000002
0.9999999999999998
1.0
1.0
1.0
0.9999999999999999
1.111111111111111
1.0
1.042923075913051
1.0
1.0851529959068862
1.3075265961371048
1.0000000000000002
1.0
1.0
1.0
1.0
1.0
1.0
0.9990673158106542
1.0
1.0
1.0
1.0962157477715417
1.0102114522921066
1.084547126505158
1.0553270017427394
1.0315625518290705
1.0
1.0
1.0198734050404534
1.0
1.0247026824385224
0.9999999999999999
1.0861364566762555
1.0312110121481906
1.0132545766830043
1.0000000000000002
1.0
0.9844206205458269
1.0
1.0
0.9999999999999999
1.0000000000000002
1.1111111111111112
0.9999999999999998
1.1328019740527122
1.0
0.9999999999999999
1.0
1.0
1.1111104733848451
1.040426297659182
0.9999999999999999
1.0
1.0
1.074796452871011
1.0
1.0
1.0
1.0
0.9999999999999999
1.0
0.9999999999999999
1.0
0.9999999999999999
0.9999999999999999
1.0
1.0281591660310196
0.9912787849093581
1.0762045444671327
1.0
0.9777510988349771
1.0
1.0716392763109008
0.9999999999999999
0.9016907337829886
0.9999999999999999
0.9999999999999999
1.071760912073399
0.9999999999999999
1.0015896786084553
0.9999999999999999
0.9644842704755019
1.0
1.103520182886772
1.0143668981286884
0.9063391094538279
0.9965855430439521
1.1111111111111112
0.9999999999999999
1.0159211090467342
1.0
1.0
1.0000000000000002
0.9999999999999998
1.0095334759125676
1.0074731312852059
1.0
1.0000000000000002
1.111111111111111
1.0000000000000002
1.0
1.0780898437160655
0.9999999999999998
1.0
1.0
1.0
0.9348787476123246
1.0841888781889106
1.131291045594897
0.9999999999999999
1.0
1.0666056056219777
1.0
0.9999999999999999
1.0000000000000002
1.0
0.9999999999999999
1.0
1.0
1.1045391778940699
1.0
1.0512915026497711
1.0
1.1111111111111112
1.1111111111111112
1.0762266477933653
1.0
1.1111111111111112
1.115053010256144
1.1111111111111112
1.0
0.9643151668538765
1.050176290681488
1.0
1.0
1.0
1.0000000000000002
0.9999999999999999
0.9999999999999999
1.0
1.0
1.0339364743665063
1.0
1.0000000000000002
0.9999999999999999
1.0000000000000002
1.1111111111111112
1.0
0.9999999999999999
0.9999999999999999
1.0000000000000002
0.9999999999999999
0.9999999999999999
1.0
1.0
1.21947574250438
1.1111111111111114
1.0
0.9974098983883213
1.0117374664563727
1.090685828219742
1.1854228284557908
1.0
1.0000000000000002
1.0
1.0
1.0
0.9999999999999999
1.111111111111111
1.0000000000000002
1.1667124972863447
1.0
0.9973341075859155
1.1607937583874235
1.0123958710057068
1.0
1.0
0.9999999999999999
1.0
1.0000000000000002
1.111111111111111
1.0285079656862746
0.9999999999999998
1.0109908330767228
1.0
1.0
1.1111111111111114
1.0566978332543489
1.0349107432651738
1.0000000000000002
0.9862038030719702
1.0203238152147625
1.0000000000000002
1.0
1.0
1.0
1.0
1.0
1.0
0.9152835956073814
1.042834217437392
1.0477466576159138
1.111111111111111
1.0
0.9999999999999998
1.0
1.0
1.0
1.0
1.0564409362276124
1.0352428729258405
1.0
1.0000000000000002
1.0229809351714618
1.1509626284017118
1.0129416248388379
1.0
1.0
1.038694476702542
1.0
1.0
1.0023738969565004
1.0
0.9999999999999998
1.0527745467462546
1.0173201261267
1.0
1.0
1.0016123106183406
1.0
1.0000000000000002
0.9999999999999999
1.1833961024924757
1.1246948000527912
0.9999999999999998
1.0978139289325568
1.0
1.0
1.0
1.0540231804082492
1.0
1.0119680969567346
1.1111111111111112
1.0000000000000002
0.9999999999999998
0.9999999999999998
1.0
1.0
1.0
0.9836942922596164
1.0
1.0
1.0
1.0
1.0
1.0
1.0
1.0
1.0
1.0
1.0497447628730596
1.0
0.9999999999999999
1.017275385822456
1.0
1.0
1.077477695204721
1.0000000000000002
1.0172149484725124
1.0000000000000002
1.0
0.9999999999999999
1.0139598465636226
1.0258544301176782
1.111111111111111
1.0
1.0
0.9999999999999999
1.0
0.9917263562546582
1.111111111111111
1.0
1.0
1.1066842210473349
1.0
1.0
1.0
1.0
0.9631737602957249
1.0000000000000002
1.0
0.9999999999999999
1.2204469828309374
1.063673061717092
1.0
1.0
1.0
0.9999999999999999
1.0027719323706554
1.0800266561422351
1.0
1.0
0.9999999999999997
1.0000000000000002
1.0
0.9999999999999999
1.0000000000000002
1.1111111111111112
1.105587837134229
1.0
1.0000000000000002
0.9729693957086342
0.9999999999999999
1.0
1.017008536119251
0.9999999999999997
1.0000008315392874
1.0215568141646172
1.0
1.0
1.0
1.0
0.9999999999999999
1.0
1.048730804087368
1.0
1.048942503410691
1.0000000000000002
1.0000000000000002
1.0
0.9411189417924989
0.9999999999999999
0.9975946355180619
1.0000000000000002
1.0
1.0
1.0
1.0
1.0
1.0
0.9999999999999999
1.0
1.0437786194064316
0.9615050206898476
1.0
1.0342325362233478
1.2225456307012719
0.9586962575047754
0.9999999999999999
1.0809453349773943
1.0000000000000002
1.1630128022947634
1.1736305631154014
1.0121098763758045
0.9999999999999999
1.104082422620748
0.9999999999999998
1.0
1.0
1.0
1.0053969018621947
0.9962911353989903
1.0
1.0790640683670247
1.0263633005374637
1.0301459360335798
1.0
1.0
1.0
1.0
1.0
1.0
1.0
1.0
1.111111111111111
1.0599007407285068
1.0
1.0
1.0
0.9444444444444444
1.040695931595712
1.0
0.9751046980391135
1.0
1.0000000000000002
1.0
1.0
1.0
0.9999999999999999
1.1353797717434082
1.0407386028118923
1.0000000000000002
1.0
1.0290543087882218
1.0285058031732994
1.0
1.0
1.220772693501158
1.0
1.0000000000000002
0.9999999999999999
0.9999999999999998
1.0
1.0
1.0052718876248288
0.9999999999999999
1.0000000000000002
0.9999999999999999
1.0924144680083956
0.9631926834337976
0.9999999999999999
1.0
1.0
1.045760881140371
1.0769244578486286
1.0
1.2222527750162753
1.0
1.0598422885505756
1.1111111111111112
1.0000000000000002
1.0
1.0722718547227512
1.0
1.0
1.0
1.0000000000000002
1.1732703192833986
1.0
1.0398656171589287
1.1457234101638434
1.0157999565900182
1.0
1.0
1.0000000000000002
1.1111111111111112
0.9999999999999999
1.0
1.0
1.0
1.0
1.0
1.0
1.0000000000000002
1.0
1.0000000000000002
1.0
1.0
0.919998670778017
1.00241693298431
0.9999999999999999
1.0000000000000002
1.0
1.0
1.0
1.0
1.1303029234404205
1.0
0.9963578780680918
1.0000000000000002
1.0822739993359396
1.064630173834624
1.0
1.0
1.0
1.0
1.0
1.0
1.0000000000000002
1.0
0.9999999999999999
1.1835575139146568
0.9999999999999999
1.1111111111111112
1.0143150728465598
1.0256352336222825
1.0
1.0000000000000002
1.0
1.1111111111111112
1.0
0.9999999999999999
0.9999999999999998
1.0728186180261816
1.0000000000000002
1.000387963155024
1.0
1.0
1.0297891030681714
1.1111111111111114
0.9937446487030974
1.012081336970725
1.1219523683237782
1.0065173382093644
1.0
0.9999999999999999
0.9999999999999998
0.9999999999999999
1.0
1.0726433390243497
1.0
0.989995417684375
0.9431130050554687
1.0
0.9999999999999999
1.111111111111111
1.0
1.2623420298993722
1.0390822170573424
1.213535611431524
1.0622793241331683
1.0
1.111111111111111
1.0000000000000002
1.0000000000000002
1.0
1.0
1.067111933184771
0.9999999999999998
0.9999999999999999
1.0932596762529192
1.0
1.02397914236283
1.0572662920776112
1.0000000000000002
1.0
1.0000000000000002
1.0000000000000002
1.0000000000000002
1.0
1.0
1.1014603192196855
1.048604072263296
1.0
1.0
1.1111111111111114
1.0
1.0
1.0589355852317361
1.0
1.016100830843157
0.9939733722576077
0.9999999999999999
1.0
0.9999999999999999
1.0308102380193225
1.0000000000000002
1.0
1.0
0.9999999999999999
1.0
1.0
0.9999999999999998
1.0000000000000002
0.9630442153128179
1.0
1.0000000000000002
1.0492576887869445
1.0
1.0750354697197657
1.0719458285146077
1.0000000000000002
1.0338855029431682
1.0
1.0647171385113587
1.0
1.0
1.003577940619947
1.0
0.9999999999999999
0.9999999999999999
1.0318397164659505
1.0
1.0670044277929158
0.9999999999999999
1.0000000000000002
1.0
1.0314359334738814
1.0000000000000002
1.1214137091044425
1.1111111111111112
1.0
0.9846286105730191
1.0000000000000002
0.9999999999999999
1.1111111111111112
1.1207010441728131
1.0000000000000002
1.0
1.0687644380349584
0.9999999999999998
0.9999999999999999
1.0000000000000002
1.1442904396698084
1.0
0.9999999999999999
1.0000000000000002
1.0162231612608497
1.0000000000000002
0.9999999999999999
0.9999999999999999
0.9999999999999999
0.9999999999999999
0.9999999999999999
1.0
1.0
1.0
1.0
1.0
1.0
0.9584710833441795
1.0
0.8921441718165307
1.0
1.0000000000000002
1.0
1.0842035373619956
1.0
0.9999999999999999
1.0
1.0699431168594336
0.9999999999999999
1.0423011418455783
1.0059665773319237
1.2013111655789503
1.0000000000000002
0.9644144356428341
1.0
1.0000000000000002
0.9999999999999999
1.0024138939837
0.9999999999999999
1.078329746483086
1.0
1.133665432394754
1.0
1.0
1.0
1.0
1.0
1.1111111111111112
1.0
1.0
1.0953216842292472
1.1178176955944623
1.111111111111111
1.0000000000000002
1.0560161004360535
1.0865915713478016
1.0000000000000002
1.0000000000000002
1.1111111111111112
1.0594282667896202
0.9953337419211055
1.0285410335634755
1.0
1.1111111111111112
1.0000000000000002
1.0000000000000002
0.9999999999999998
1.0388454779975325
1.111111111111111
1.0
1.1788731446265697
1.0000000000000002
1.0
0.9999999999999998
1.0
1.0074396782841823
0.9999999999999999
1.0
0.9999999999999999
1.0
1.0
1.0000000000000002
1.1111111111111114
1.0
1.0744588184441013
1.0111348113436927
1.0134080039242939
1.0000000000000002
1.0000000000000002
1.0
0.9999999999999999
1.0365885814205222
1.0052032136725253
0.9999999999999999
1.0244721934082353
1.0000000000000002
0.9999999999999999
1.0
1.108115477822712
1.0133038702167902
0.9411764705882348
0.9999999999999999
0.9999999999999999
1.0
1.0189195377366447
1.0000000000000002
1.0414277116964032
1.0
1.0000000000000002
1.0000000000000002
1.0
0.9999999999999999
1.1527460151266753
1.0992011048802848
0.9999999999999997
1.0000000000000002
1.0
1.0
1.0
1.0628206042563437
1.092501209085767
1.052442795299938
1.0
1.0
1.005148011129495
1.0
1.0
1.0000000000000002
1.0357494759848798
1.0909632289815117
1.0132173858709286
1.02682250332676
1.0310230266926337
1.0
1.0
1.0
1.0089685441073175
1.0
1.0045641317006255
0.9999267250345102
1.0087418573662215
1.0000000000000002
1.0
1.0
1.0887819190160342
1.111111111111111
0.9441963117399726
1.0000000000000002
1.0533164663035421
1.0376956085801845
0.9999999999999997
1.0519794995038736
1.0
1.0010072343929712
1.111111111111111
1.0
1.0286437424968842
1.0
0.9948421400108463
1.1641259527677121
0.9999999999999999
1.0
1.111111111111111
1.0
1.0176684908255538
1.1226120878307662
1.1060491021652104
1.0000000000000002
1.0000000000000002
1.0
1.0199011514800989
1.0
1.0687887748593956
1.0
1.0
0.9999999999999999
1.0
1.0
1.0000000000000002
1.141333173286287
1.0
1.0000000000000002
0.9999999999999999
1.0000000000000002
0.9702611786213072
1.111111111111111
0.9999999999999999
1.0
1.0645969026303177
1.1111111111111112
1.0
1.1969608540375072
1.111111111111111
1.0000000000000002
1.0000000000000002
1.0
1.010626904447684
0.9999999999999999
1.0
0.9999999999999999
1.1111111111111112
1.0626317223931712
1.0
1.0
1.1111111111111112
1.0
1.0
1.0
1.0
1.0000000000000002
1.0466568554886435
1.0
1.0000000000000002
1.0339126646623933
1.0
0.9999999999999999
0.9999999999999999
1.0
1.0000000000000002
1.0752499315594872
1.0
0.9811367981922477
1.0
1.0
1.1285296233721092
1.0
1.0000000000000002
1.0
1.0253321138333282
1.0000000000000002
1.0000000000000002
1.0000000000000002
1.0
1.0896774533651636
1.0180667105942693
1.0
1.0
0.9296222985255503
1.0651652899351889
1.0
1.0
1.0
1.0
1.0
1.005794253185145
1.1445265936311515
1.0
1.0
1.039412305825401
1.0000000000000002
1.0
1.000000602933028
1.1047662073639033
1.0
1.0
1.0
1.0622602223895803
1.0
1.2321667754232921
1.0
0.9027589400906415
1.0978474762473893
1.0000000000000002
1.0
1.0
1.0
1.0
1.0
1.0
1.0
0.9999999999999999
0.9999999999999997
1.0
1.0
1.0000000000000002
1.0000000000000002
1.0
1.0000000000000002
1.0
1.1111111111111112
1.0392408509314355
1.1111111111111112
1.0
1.0
1.0117979113745414
1.0000000000000002
1.001712459506332
1.0000000000000002
0.9999999999999998
0.9999999999999999
1.068272602326439
1.0
1.0111243585746665
1.0244776559382167
1.1111111111111112
1.0
1.0344919843325269
1.0403226423028404
1.0
1.0613811443328383
1.1111111111111112
1.0
1.0
1.0
1.0
1.0414761444238951
1.0
1.1362988030820786
0.9915353765582996
0.9109483782686494
1.0570627959159569
1.0
1.0
1.0
1.0
1.044457968322096
1.1571113701929214
1.0
1.0
1.0
1.0250632435497953
0.9999999999999999
1.0
1.0000000000000002
1.0000000000000002
1.1111111111111112
1.0
1.0
1.0
1.0000000000000002
1.0
1.111111111111111
0.9999999999999997
1.0
1.0
1.0000000000000002
1.111111111111111
0.9999999999999999
1.1375404892571699
1.0
1.0
0.9999999999999999
1.0653844298977302
1.0
1.0
1.0443564356435646
1.0000000000000002
1.0
1.0
1.0000000000000002
1.111111111111111
1.0
1.0000000000000002
1.0
1.0691242998189294
1.0
1.0
1.1111111111111112
1.014851954830234
0.9999999999999999
1.1306551983119344
1.0
1.0081528894401257
1.0
1.0
0.9999999999999999
1.0646039772481106
1.0
1.0239100117439814
1.0000000000000002
1.0
1.0
0.9999999999999998
1.0111786900940474
0.9999999999999999
1.0
1.0000000000000002
1.0000000000000002
1.0
1.0
1.0
1.0000000000000002
1.007346078444507
0.9999999999999999
1.0381871756183496
1.1182702341695534
1.038047350022366
1.0
0.8762048606343538
0.9999999999999999
1.0
1.0
1.0851110522532066
1.0
1.0
1.0
1.0
0.9971304551408195
0.9999999999999999
1.0
1.0
1.0
1.1149786130245822
1.0565467977576815
1.0572384234455996
1.0
0.9293161837671332
1.0000000000000002
1.1111111111111114
0.9102759424162681
1.2235910772695586
1.140750542240168
1.0
1.1111111111111112
1.0
1.070803996411138
1.0
1.0
1.0
1.0
1.0000000000000002
1.0
0.9999999999999999
1.0000000000000002
0.9999999999999998
1.0
1.1145929655125177
0.9999999999999999
1.0
1.0
0.9999999999999999
1.0289031232780619
1.0
1.0022051223517925
1.0
1.0000000000000002
1.0000000000000002
1.0
1.0
1.1371712864250176
1.0
1.0
1.0
1.0
0.9999999999999999
0.9444444032419139
0.9091459240667072
1.1602041029279795
0.9999999999999999
1.0
1.325498610458607
1.0
1.0000000000000002
1.0
1.1754813043857013
1.035378623288048
1.0
1.0
1.0
1.0000000000000002
0.9999999999999999
1.0
1.0
1.0
1.0
1.0
0.9795266208091858
1.0
1.0
1.0000000000000002
0.9999999999999999
1.1111111111111112
1.0000000000000002
1.0000000000000002
1.0
1.0
1.0
1.141497821948898
1.1111111111111114
1.0
1.0
1.1111111111111112
0.9918815853433106
1.0
1.0
0.9869485862638246
1.0000000000000002
1.0
1.0
1.0
1.0
1.0
1.0222278295790743
1.0000000000000002
1.0
1.0
1.0
0.9999999999999999
1.0000000000000002
1.0000000000000002
1.0
1.0
1.0000000000000002
0.9291035006274689
1.0500744180972343
1.0
1.0433221687251413
1.0
1.0
1.0
1.0000000000000002
1.1199473628162417
1.0000000000000002
1.0165904800891497
1.0
1.1111111111111114
1.0
1.0000000000000002
1.0
0.9550336767515538
1.0157659271029378
1.0207227816543407
1.0
1.111111111111111
1.111111111111111
1.0576190861957224
1.0187925527277337
1.0376968593536642
0.9716219537556955
0.9999999999999999
0.9999999999999999
1.0685960970882342
1.0
0.9999999999999999
1.0
0.9418733495572932
0.9999999999999998
1.0059613965590897
1.0
1.0
1.0
1.0
0.9999999999999999
1.0
1.0
0.9999999999999999
1.0
1.0
0.9999999999999999
0.9999999999999999
1.0
0.965497263304996
1.0
0.9999999999999998
1.0
0.9999999999999999
0.9644999125025852
1.0
0.9533245586995114
1.0
1.0
0.999999443718497
1.0
1.0526187232843254
1.0000000000000002
1.0
0.9999999999999999
1.0524764295442055
1.013758439669212
1.0
1.2274232639762024
1.0457758971297042
1.0000000000000002
1.061185182014681
1.0000000000000002
1.0663773007202255
1.0
1.0
1.192930214056261
1.0064037527955052
1.0
1.0728146468577617
0.9999999999999999
1.0
1.0115005816896532
1.0000000000000002
1.0000000000000002
1.071810496475442
1.0
1.0
0.9999999999999999
1.0731885180897514
1.0
1.0000000000000002
1.0000000000000002
1.0
1.0
1.0
1.0
0.9999999999999999
1.0000000000000002
1.0
1.0
1.019520909110475
1.1111111111111112
1.1111111111111112
1.0558075858306224
1.0188942857345744
1.0
1.0000000000000002
1.0
0.9999999999999998
1.0
1.0
1.1662736454520783
1.014564136760427
1.0
1.0
1.0
1.1814635332859336
0.9999999999999999
1.0
1.0
0.9999999999999999
1.0000000000000002
1.0
1.0061420425960088
1.0
1.0
0.9411764705882354
1.0
1.0017091166784775
1.0
1.0
1.0
1.0045936858409175
1.0142435282837967
1.0306930187426588
0.978722881415432
1.0000000000000004
1.0
1.0
1.0000000000000002
1.0
1.016809396724525
1.0864339456596714
1.0000000000000002
1.0
1.0000000000000002
1.1008099877226272
1.0483448936509911
1.0000000000000002
1.0
1.0
1.0
1.0
1.002478714325731
1.0
1.0
0.9999999999999999
1.0
1.0431048183696456
1.0
0.9947965735654343
1.0
1.0000000000000002
1.04630222977833
1.0
1.0
1.0592029394688913
1.015835383226985
1.0
1.1340770907422277
1.0964367500228998
1.0
1.016528567466371
1.0
1.0000000000000002
1.0000000000000002
1.0929630844356983
1.0
1.178514251761871
1.0
1.0
0.9999999999999998
1.0
1.0752663005034744
1.0
1.0
0.9999992373055223
1.0
1.0
1.0
1.0471865078432345
0.9999999999999999
1.0000000000000002
1.111111111111111
1.0730022013347777
1.046058540598165
1.026342908669329
1.0
1.3118931906889764
1.0
1.0000000000000002
1.0137583734684594
1.1704338566177734
1.0
1.0031769149515062
1.0044320830096547
1.0000000000000002
0.9999999999999998
1.0000000000000002
1.1083493163397884
0.9859598630989421
1.111111111111111
1.0
1.0
1.0
0.9999999999999999
1.1111103575400698
0.9999999999999998
1.0624727770518325
1.0088164441169898
1.0
1.0
1.041687101520353
0.9999999999999999
