0.04167437553405762
0.025473356246948242
0.0241241455078125
0.022213220596313477
0.021477222442626953
0.007483005523681641
0.0038323402404785156
0.003094196319580078
0.003084421157836914
0.003261566162109375
0.039587974548339844
0.006444454193115234
0.003322601318359375
0.0038995742797851562
0.003359079360961914
0.0032486915588378906
0.0030701160430908203
0.0030324459075927734
0.003165006637573242
0.0032672882080078125
0.0032122135162353516
0.021329879760742188
0.003042936325073242
0.0032792091369628906
0.0030965805053710938
0.0029993057250976562
0.003975629806518555
0.003116607666015625
0.023508071899414062
0.04324793815612793
0.026030302047729492
0.006551980972290039
0.02291083335876465
0.008173942565917969
0.005474090576171875
0.0032672882080078125
0.0030639171600341797
0.003958225250244141
0.0038657188415527344
0.0038433074951171875
0.0032873153686523438
0.0038487911224365234
0.0032317638397216797
0.003279447555541992
0.022520065307617188
0.008535146713256836
0.0030786991119384766
0.0032453536987304688
0.022301435470581055
0.003116130828857422
0.003261566162109375
0.0203704833984375
0.0031545162200927734
0.003024578094482422
0.0038537979125976562
0.02008676528930664
0.025603771209716797
0.006040096282958984
0.023263931274414062
0.00410914421081543
0.0032799243927001953
0.0030443668365478516
0.00302886962890625
0.003083944320678711
0.02187657356262207
0.008169412612915039
0.003471851348876953
0.0030829906463623047
0.0031576156616210938
0.0038428306579589844
0.003019094467163086
0.0031385421752929688
0.003906965255737305
0.0030722618103027344
0.02543187141418457
0.005728960037231445
0.003308534622192383
0.0032961368560791016
0.0032401084899902344
0.040760040283203125
0.023199796676635742
0.02397298812866211
0.026306867599487305
0.00450897216796875
0.0032358169555664062
0.0031211376190185547
0.003186941146850586
0.0030603408813476562
0.04105567932128906
0.0053942203521728516
0.022085905075073242
0.00337982177734375
0.020456790924072266
0.006665945053100586
0.004425764083862305
0.003060579299926758
0.0039789676666259766
0.0031251907348632812
0.0229952335357666
0.007670879364013672
0.0031261444091796875
0.0033102035522460938
0.023622989654541016
0.0033075809478759766
0.003097057342529297
0.0031256675720214844
0.003226757049560547
0.003080606460571289
0.003946542739868164
0.003267526626586914
0.004018306732177734
0.0029947757720947266
0.0032782554626464844
0.003762483596801758
0.003104686737060547
0.003117799758911133
0.003288745880126953
0.0031638145446777344
0.0038840770721435547
0.003278493881225586
0.0031180381774902344
0.003085613250732422
0.0033113956451416016
0.003300189971923828
0.0030906200408935547
0.0038967132568359375
0.003259897232055664
0.0030591487884521484
0.003899097442626953
0.003250598907470703
0.0031328201293945312
0.021329879760742188
0.003278970718383789
0.0031480789184570312
0.0030303001403808594
0.003984212875366211
0.0030775070190429688
0.003109455108642578
0.0031158924102783203
0.0030786991119384766
0.0030317306518554688
0.02197718620300293
0.00875401496887207
0.00771784782409668
0.003234386444091797
0.003080606460571289
0.0032329559326171875
0.025933265686035156
0.004037618637084961
0.003211498260498047
0.003087759017944336
0.02147674560546875
0.02525186538696289
0.004029750823974609
0.003287792205810547
0.02380061149597168
0.00838923454284668
0.006140708923339844
0.003922939300537109
0.022290468215942383
0.003210306167602539
0.060245513916015625
0.02598857879638672
0.005064964294433594
0.0031425952911376953
0.003252267837524414
0.019833087921142578
0.022300243377685547
0.004276275634765625
0.003980875015258789
0.003912687301635742
0.0037870407104492188
0.0037517547607421875
0.003161907196044922
0.0030629634857177734
0.0038268566131591797
0.003778219223022461
0.003712177276611328
0.0031304359436035156
0.003233671188354492
0.0033195018768310547
0.003139495849609375
0.0030808448791503906
0.0031099319458007812
0.003250598907470703
0.003911495208740234
0.003103971481323242
0.0032498836517333984
0.003879547119140625
0.0032737255096435547
0.0033032894134521484
0.003800630569458008
0.0037994384765625
0.0033121109008789062
0.0030469894409179688
0.0032224655151367188
0.0031495094299316406
0.0030565261840820312
0.003001689910888672
0.0032618045806884766
0.0037627220153808594
0.02287888526916504
0.003924369812011719
0.0030524730682373047
0.003094196319580078
0.0032405853271484375
0.0031478404998779297
0.003301382064819336
0.0031232833862304688
0.0030622482299804688
0.003222227096557617
0.02264237403869629
0.0031061172485351562
0.003265380859375
0.00304412841796875
0.003940582275390625
0.0032799243927001953
0.003122568130493164
0.0030586719512939453
0.0300600528717041
0.003453969955444336
0.019415616989135742
0.003889799118041992
0.003262042999267578
0.003254413604736328
0.004012584686279297
0.020406484603881836
0.0033164024353027344
0.02068161964416504
0.007622718811035156
0.003473997116088867
0.0032591819763183594
0.003136157989501953
0.0031249523162841797
0.0032694339752197266
0.004016399383544922
0.0030603408813476562
0.0030798912048339844
0.0032074451446533203
0.0031020641326904297
0.03993344306945801
0.04330921173095703
0.024250030517578125
0.005587339401245117
0.023294687271118164
0.003150463104248047
0.0031065940856933594
0.004084587097167969
0.0030634403228759766
0.003124237060546875
0.0031147003173828125
0.0031991004943847656
0.004108905792236328
0.0030486583709716797
0.0033371448516845703
0.0032629966735839844
0.003226041793823242
0.0030753612518310547
0.0030410289764404297
0.003268718719482422
0.0030393600463867188
0.0032989978790283203
0.0039010047912597656
0.0031249523162841797
0.003958702087402344
0.021738052368164062
0.008775949478149414
0.004401683807373047
0.023105859756469727
0.003248929977416992
0.003083944320678711
0.003212451934814453
0.003276348114013672
0.026399612426757812
0.005338191986083984
0.003266572952270508
0.00415349006652832
0.003350496292114258
0.003090381622314453
0.0031061172485351562
0.021564006805419922
0.00393223762512207
0.022868633270263672
0.0031342506408691406
0.0032470226287841797
0.003156423568725586
0.003319978713989258
0.003030061721801758
0.0031130313873291016
0.003277301788330078
0.0030362606048583984
0.0032689571380615234
0.023437023162841797
0.0040130615234375
0.0032155513763427734
0.0030465126037597656
0.00310516357421875
0.003112316131591797
0.0032567977905273438
0.0031108856201171875
0.00311279296875
0.0033032894134521484
0.003958702087402344
0.003251791000366211
0.023257970809936523
0.008362293243408203
0.003056764602661133
0.021559476852416992
0.004031181335449219
0.003141164779663086
0.020687103271484375
0.0032563209533691406
0.0039556026458740234
0.00305938720703125
0.003208637237548828
0.0030755996704101562
0.003919124603271484
0.0030608177185058594
0.0038127899169921875
0.003720521926879883
0.0032143592834472656
0.003269195556640625
0.0037593841552734375
0.0031638145446777344
0.0032880306243896484
0.0030524730682373047
0.003755807876586914
0.0031049251556396484
0.0038666725158691406
0.003112316131591797
0.003754138946533203
0.0031049251556396484
0.003144502639770508
0.0037221908569335938
0.0031156539916992188
0.0030829906463623047
0.003114461898803711
0.0038416385650634766
0.0031676292419433594
0.0032393932342529297
0.0037610530853271484
0.0032892227172851562
0.003011941909790039
0.003255605697631836
0.0032613277435302734
0.0030584335327148438
0.02108478546142578
0.007176876068115234
0.0038895606994628906
0.0032987594604492188
0.0032820701599121094
0.019520282745361328
0.04282093048095703
0.024366378784179688
0.007983207702636719
0.0039827823638916016
0.0033376216888427734
0.0030603408813476562
0.003099203109741211
0.0039691925048828125
0.003908872604370117
0.0032608509063720703
0.023771047592163086
0.02396368980407715
0.04187583923339844
0.004304170608520508
0.0030558109283447266
0.0032682418823242188
0.0031342506408691406
0.003264904022216797
0.003968715667724609
0.003965616226196289
0.0037534236907958984
0.003080129623413086
0.023076295852661133
0.0033540725708007812
0.01993274688720703
0.007555484771728516
0.003239154815673828
0.00395512580871582
0.003079652786254883
0.0038001537322998047
0.0032775402069091797
0.0030698776245117188
0.004044055938720703
0.003936052322387695
0.003263235092163086
0.020580053329467773
0.0032737255096435547
0.0031888484954833984
0.0030748844146728516
0.0031316280364990234
0.003089427947998047
0.022916555404663086
0.0031833648681640625
0.0032668113708496094
0.0038814544677734375
0.0030684471130371094
0.003270387649536133
0.003179788589477539
0.0030541419982910156
0.0030679702758789062
0.022498607635498047
0.007848501205444336
0.005533695220947266
0.0033075809478759766
0.0031235218048095703
0.003163576126098633
0.0030498504638671875
0.0032203197479248047
0.003258943557739258
0.0032324790954589844
0.004011869430541992
0.003147602081298828
0.003258943557739258
0.003103971481323242
0.003279447555541992
0.0032820701599121094
0.0032498836517333984
0.0038406848907470703
0.004044055938720703
0.021479129791259766
0.003102540969848633
0.0030968189239501953
0.003947257995605469
0.0030815601348876953
0.00307464599609375
0.022487401962280273
0.004032611846923828
0.04029059410095215
0.007750272750854492
0.0054264068603515625
0.00406193733215332
0.003122091293334961
0.0032477378845214844
0.003206968307495117
0.0030210018157958984
0.0226287841796875
0.0031135082244873047
0.02110910415649414
0.004023313522338867
0.003085613250732422
0.003114938735961914
0.0031309127807617188
0.00397181510925293
0.0031194686889648438
0.023146867752075195
0.003016233444213867
0.003114938735961914
0.003191232681274414
0.0032699108123779297
0.0031158924102783203
0.003218412399291992
0.0030803680419921875
0.004040956497192383
0.024575233459472656
0.006217479705810547
0.003345012664794922
0.003224611282348633
0.0032181739807128906
0.0030579566955566406
0.0031435489654541016
0.0038728713989257812
0.0030760765075683594
0.0030977725982666016
0.0030367374420166016
0.0030486583709716797
0.003966569900512695
0.0038802623748779297
0.0038213729858398438
0.0032889842987060547
0.0032105445861816406
0.003261089324951172
0.0032422542572021484
0.0032472610473632812
0.0030393600463867188
0.0038611888885498047
0.003304719924926758
0.0031180381774902344
0.0029900074005126953
0.003086566925048828
0.0031757354736328125
0.003819704055786133
0.0030579566955566406
0.0032491683959960938
0.0038008689880371094
0.0031976699829101562
0.019983291625976562
0.003374814987182617
0.0031516551971435547
0.0032176971435546875
0.0032422542572021484
0.026378393173217773
0.007483482360839844
0.0033135414123535156
0.00395965576171875
0.0038945674896240234
0.003971576690673828
0.003155231475830078
0.022898197174072266
0.0031120777130126953
0.0030508041381835938
0.0030858516693115234
0.0031478404998779297
0.0032639503479003906
0.0030601024627685547
0.003107786178588867
0.003261089324951172
0.0030281543731689453
0.003244161605834961
0.003072023391723633
0.00402069091796875
0.0031054019927978516
0.003148317337036133
0.0032105445861816406
0.003145456314086914
0.003082752227783203
0.0039408206939697266
0.0032320022583007812
0.003086090087890625
0.003081083297729492
0.003062009811401367
0.0033042430877685547
0.003059864044189453
0.0031130313873291016
0.0032854080200195312
0.0031387805938720703
0.0030624866485595703
0.0030612945556640625
0.003915071487426758
0.00400853157043457
0.003102540969848633
0.003140687942504883
0.003270864486694336
0.0031266212463378906
0.0039026737213134766
0.003930091857910156
0.0030999183654785156
0.003125905990600586
0.022194623947143555
0.003331899642944336
0.026108503341674805
0.004731893539428711
0.00397181510925293
0.0033190250396728516
0.0032629966735839844
0.0032541751861572266
0.003075838088989258
0.00397181510925293
0.0030994415283203125
0.0038039684295654297
0.003073453903198242
0.00308990478515625
0.0030517578125
0.003269672393798828
0.0030946731567382812
0.003103971481323242
0.0031270980834960938
0.021163225173950195
0.003294229507446289
0.003904104232788086
0.0030181407928466797
0.0032961368560791016
0.003991603851318359
0.0039844512939453125
0.024997949600219727
0.00598597526550293
0.0032019615173339844
0.0030546188354492188
0.0038652420043945312
0.0038056373596191406
0.0031137466430664062
0.023276329040527344
0.003858327865600586
0.022504568099975586
0.00716853141784668
0.00609898567199707
0.0031311511993408203
0.0032074451446533203
0.02210235595703125
0.003790616989135742
0.003115415573120117
0.0033495426177978516
0.0031294822692871094
0.003201723098754883
0.02310323715209961
0.0031447410583496094
0.0030586719512939453
0.0030972957611083984
0.004047393798828125
0.0032384395599365234
0.003110170364379883
0.003143787384033203
0.0032591819763183594
0.003955364227294922
0.003087759017944336
0.003352642059326172
0.003803253173828125
0.0030448436737060547
0.0032892227172851562
0.003808259963989258
0.003320932388305664
0.0030705928802490234
0.0031676292419433594
0.003812551498413086
0.0031392574310302734
0.003159046173095703
0.04265570640563965
0.004218101501464844
0.00400090217590332
0.003277301788330078
0.003106355667114258
0.003286600112915039
0.0032224655151367188
0.0039033889770507812
0.003184795379638672
0.003165006637573242
0.0032739639282226562
0.003194570541381836
0.0030698776245117188
0.0031766891479492188
0.003900289535522461
0.003345489501953125
0.003060579299926758
0.003152608871459961
0.0030694007873535156
0.0030670166015625
0.0030934810638427734
0.003960132598876953
0.0033113956451416016
0.003286600112915039
0.0030972957611083984
0.003119945526123047
0.0038933753967285156
0.003124713897705078
0.0030679702758789062
0.003140687942504883
0.003091096878051758
0.003866434097290039
0.02090907096862793
0.0405125617980957
0.0075778961181640625
0.003108978271484375
0.004091978073120117
0.003907918930053711
0.003962516784667969
0.0032842159271240234
0.0031173229217529297
0.021010398864746094
0.006215572357177734
0.0031371116638183594
0.004067897796630859
0.005545616149902344
0.03133869171142578
0.02335333824157715
0.00784754753112793
0.003922224044799805
0.00407862663269043
0.003113985061645508
0.003071308135986328
0.003037691116333008
0.003858804702758789
0.0030918121337890625
0.003018617630004883
0.0038347244262695312
0.0032646656036376953
0.003950595855712891
0.0031349658966064453
0.0031652450561523438
0.0032711029052734375
0.020274639129638672
0.0247042179107666
0.030742168426513672
0.0032346248626708984
0.0033605098724365234
0.0030961036682128906
0.02430105209350586
0.025246381759643555
0.0064504146575927734
0.005243778228759766
0.003107309341430664
0.003070354461669922
0.003107309341430664
0.003068208694458008
0.003990650177001953
0.0030558109283447266
0.003269672393798828
0.003844738006591797
0.0032787322998046875
0.0030939579010009766
0.0033016204833984375
0.003110647201538086
0.0030694007873535156
0.003245830535888672
0.06011033058166504
0.0077610015869140625
0.02151203155517578
0.006365299224853516
0.0031440258026123047
0.04263877868652344
0.021644115447998047
0.007780551910400391
0.0030307769775390625
0.0031511783599853516
0.004081010818481445
0.004178762435913086
0.0030579566955566406
0.003103494644165039
0.003093242645263672
0.0031092166900634766
0.003905773162841797
0.0033080577850341797
0.003242969512939453
0.02360248565673828
0.005788564682006836
0.0031244754791259766
0.02298140525817871
0.0031485557556152344
0.003232717514038086
0.0030889511108398438
0.003168821334838867
0.003046751022338867
0.003158092498779297
0.02412724494934082
0.008113622665405273
0.0030934810638427734
0.0031435489654541016
0.0033028125762939453
0.0032694339752197266
0.022839069366455078
0.008962154388427734
0.005059242248535156
0.0032799243927001953
0.0032684803009033203
0.0032651424407958984
0.003991365432739258
0.00305938720703125
0.00390934944152832
0.003237009048461914
0.003270864486694336
0.0037086009979248047
0.0031604766845703125
0.0030689239501953125
0.0032911300659179688
0.0032203197479248047
0.003011465072631836
0.00310516357421875
0.0030524730682373047
0.003920793533325195
0.023972272872924805
0.007875919342041016
0.03071737289428711
0.028970956802368164
0.004724025726318359
0.02515721321105957
0.027140140533447266
0.005986213684082031
0.022664546966552734
0.006147146224975586
0.0033288002014160156
0.028709888458251953
0.004281520843505859
0.004057168960571289
0.0031213760375976562
0.0032799243927001953
0.0030651092529296875
0.003269672393798828
0.0030469894409179688
0.003110647201538086
0.0031197071075439453
0.003983974456787109
0.0031189918518066406
0.02483510971069336
0.0031256675720214844
0.004009723663330078
0.0031189918518066406
0.0031137466430664062
0.025555133819580078
0.0033473968505859375
0.003245830535888672
0.02470993995666504
0.006425142288208008
0.0032777786254882812
0.0031652450561523438
0.0032644271850585938
0.004027843475341797
0.0031175613403320312
0.003080606460571289
0.0032787322998046875
0.0030651092529296875
0.003076314926147461
0.003062725067138672
0.003056049346923828
0.003267049789428711
0.003108978271484375
0.02454662322998047
0.008139610290527344
0.003091573715209961
0.0030829906463623047
0.003190279006958008
0.0038537979125976562
0.0038394927978515625
0.003747224807739258
0.003117084503173828
0.003680706024169922
0.02169966697692871
0.0032494068145751953
0.00393986701965332
0.022824525833129883
0.007951498031616211
0.0039942264556884766
0.003050088882446289
0.004006385803222656
0.003237485885620117
0.0031561851501464844
0.0032541751861572266
0.0030913352966308594
0.0030913352966308594
0.0031020641326904297
0.0031647682189941406
0.003132343292236328
0.003118276596069336
0.003229379653930664
0.003148794174194336
0.003919363021850586
0.004075527191162109
0.022292613983154297
0.0047550201416015625
0.0031087398529052734
0.0030820369720458984
0.003173351287841797
0.024773120880126953
0.006200075149536133
0.0031023025512695312
0.003179788589477539
0.003056049346923828
0.004071950912475586
0.004055023193359375
0.0031790733337402344
0.0031015872955322266
0.0033216476440429688
0.0032892227172851562
0.0031173229217529297
0.003238677978515625
0.0031349658966064453
0.003228902816772461
0.0039865970611572266
0.003099203109741211
0.003206014633178711
0.003851175308227539
0.003803253173828125
0.003811359405517578
0.003045797348022461
0.003780841827392578
0.003713369369506836
0.024565696716308594
0.02273845672607422
0.006105184555053711
0.0030884742736816406
0.0032896995544433594
0.003093719482421875
0.0031197071075439453
0.020467281341552734
0.008529901504516602
0.0032494068145751953
0.003988504409790039
0.003108501434326172
0.021048784255981445
0.004029750823974609
0.020009517669677734
0.007656574249267578
0.003615856170654297
0.003078460693359375
0.0031003952026367188
0.003095388412475586
0.0031371116638183594
0.0031464099884033203
0.0031032562255859375
0.023728609085083008
0.003358602523803711
0.0032804012298583984
0.003998517990112305
0.003780364990234375
0.0031266212463378906
0.003908872604370117
0.0033006668090820312
0.0030994415283203125
0.0030634403228759766
0.0231931209564209
0.006906986236572266
0.004168272018432617
0.0030994415283203125
0.0031228065490722656
0.0033502578735351562
0.02316880226135254
0.0067179203033447266
0.02529001235961914
0.003348827362060547
0.0039784908294677734
0.0030930042266845703
0.003277301788330078
0.003062725067138672
0.024222135543823242
0.024248600006103516
0.006282806396484375
0.02689194679260254
0.022706270217895508
0.023195981979370117
0.007823705673217773
0.0031228065490722656
0.0030503273010253906
0.0033254623413085938
0.003296375274658203
0.02083134651184082
0.0030901432037353516
0.003166675567626953
0.003330707550048828
0.020212411880493164
0.024261951446533203
0.0030765533447265625
0.003088712692260742
0.02153921127319336
0.02456378936767578
0.0030975341796875
0.004011631011962891
0.003327608108520508
0.003126859664916992
0.003124237060546875
0.003110170364379883
0.003793954849243164
0.003064393997192383
0.02062845230102539
0.003200054168701172
0.003045320510864258
0.0031189918518066406
0.0031371116638183594
0.004004240036010742
0.0031049251556396484
0.004001140594482422
0.003763437271118164
0.003152608871459961
0.0031402111053466797
0.024040699005126953
0.007261991500854492
0.003335237503051758
0.003324270248413086
0.0038957595825195312
0.003930091857910156
0.0030434131622314453
0.003814220428466797
0.0031943321228027344
0.0031456947326660156
0.003134012222290039
0.022116422653198242
0.003924369812011719
0.021884679794311523
0.0238187313079834
0.025285720825195312
0.002978086471557617
0.003281116485595703
0.003213644027709961
0.00408625602722168
0.0031633377075195312
0.02199840545654297
0.024922847747802734
0.004102468490600586
0.0033752918243408203
0.02057957649230957
0.0033185482025146484
0.003058195114135742
0.003933906555175781
0.003323078155517578
0.0030975341796875
0.0030889511108398438
0.003284454345703125
0.019696950912475586
0.024196624755859375
0.0081787109375
0.003406524658203125
0.0031423568725585938
0.021051883697509766
0.02250504493713379
0.024434328079223633
0.003271818161010742
0.0032622814178466797
0.0031075477600097656
0.0031142234802246094
0.003253459930419922
0.0030918121337890625
0.00405120849609375
0.003828763961791992
0.003782033920288086
0.003754854202270508
0.003124237060546875
0.0032591819763183594
0.04322099685668945
0.005545139312744141
0.003291606903076172
0.02388310432434082
0.007689237594604492
0.004299640655517578
0.0031991004943847656
0.0031464099884033203
0.003225088119506836
0.0033502578735351562
0.003114461898803711
0.0038924217224121094
0.003845691680908203
0.003839731216430664
0.0033092498779296875
0.0031020641326904297
0.003074169158935547
0.0032770633697509766
0.0031347274780273438
0.003232240676879883
0.003231525421142578
0.0030868053436279297
0.003099679946899414
0.003299236297607422
0.0032460689544677734
0.0032482147216796875
0.003951311111450195
0.003070354461669922
0.003084897994995117
0.003129243850708008
0.003911256790161133
0.0038263797760009766
0.0031363964080810547
0.0037374496459960938
0.0038368701934814453
0.003265380859375
0.003879547119140625
0.0032770633697509766
0.0031194686889648438
0.0031380653381347656
0.003088235855102539
0.0032503604888916016
0.022807598114013672
0.00849604606628418
0.0031981468200683594
0.003300189971923828
0.003057241439819336
0.0032491683959960938
0.0032503604888916016
0.0030503273010253906
0.002997159957885742
0.0030803680419921875
0.0031316280364990234
0.0031337738037109375
0.0032460689544677734
0.003958702087402344
0.0030579566955566406
0.003214597702026367
0.0038802623748779297
0.0038628578186035156
0.0030951499938964844
0.003306865692138672
0.003025531768798828
0.003141164779663086
0.003294706344604492
0.003171682357788086
0.003230571746826172
0.0031213760375976562
0.003173351287841797
0.00323486328125
0.020357131958007812
0.007303714752197266
0.0031049251556396484
0.021953821182250977
0.004043102264404297
0.025649070739746094
0.006236076354980469
0.01993274688720703
0.022453784942626953
0.003394603729248047
0.02231454849243164
0.003139495849609375
0.019698381423950195
0.023550748825073242
0.005857229232788086
0.004056453704833984
0.0030679702758789062
0.0033173561096191406
0.0030388832092285156
0.004140138626098633
0.0032148361206054688
0.0031723976135253906
0.003290414810180664
0.0031557083129882812
0.003088235855102539
0.0031752586364746094
0.003284931182861328
0.003096342086791992
0.003907203674316406
0.0038535594940185547
0.0031201839447021484
0.02137017250061035
0.003038167953491211
0.04183340072631836
0.007580280303955078
0.004239797592163086
0.023242712020874023
0.003069162368774414
0.003055572509765625
0.0040111541748046875
0.0030395984649658203
0.0030510425567626953
0.003899812698364258
0.003183126449584961
0.003052949905395508
0.023486852645874023
0.003365755081176758
0.003264904022216797
0.0030019283294677734
0.003066539764404297
0.003061532974243164
0.0030298233032226562
0.0031614303588867188
0.025776386260986328
0.0059778690338134766
0.003044605255126953
0.003320932388305664
0.0031156539916992188
0.0030794143676757812
0.0030536651611328125
0.003299713134765625
0.021306991577148438
0.004120826721191406
0.003304004669189453
0.003114938735961914
0.0030715465545654297
0.0032379627227783203
0.0032510757446289062
0.003073453903198242
0.003246307373046875
0.003045320510864258
0.003038644790649414
0.003273487091064453
0.0030400753021240234
0.0030562877655029297
0.003064870834350586
0.00403904914855957
0.0030965805053710938
0.0032453536987304688
0.0031180381774902344
0.0031251907348632812
0.0030364990234375
0.0038208961486816406
0.0041162967681884766
0.003253936767578125
0.0032567977905273438
0.003079652786254883
0.003906726837158203
0.0032510757446289062
0.02026200294494629
0.0033512115478515625
0.0032792091369628906
0.0032668113708496094
0.003252267837524414
0.00322723388671875
0.003065824508666992
0.003079652786254883
0.003073453903198242
0.003981828689575195
0.003137826919555664
0.023219585418701172
0.007036924362182617
0.021313905715942383
0.02340531349182129
0.025191545486450195
0.004074811935424805
0.003148317337036133
0.0032401084899902344
0.0031452178955078125
0.003049135208129883
0.0030901432037353516
0.02304530143737793
0.007065296173095703
0.004049539566040039
0.022071361541748047
0.02343463897705078
0.021535873413085938
0.003064393997192383
0.0030748844146728516
0.004036664962768555
0.0032389163970947266
0.003268003463745117
0.003156423568725586
0.003263711929321289
0.0031778812408447266
0.0030786991119384766
0.02477574348449707
0.0032155513763427734
0.003292083740234375
0.003226757049560547
0.0032739639282226562
0.0030841827392578125
0.0032553672790527344
0.003044605255126953
0.023276090621948242
0.003100156784057617
0.004001140594482422
0.003143787384033203
0.004166364669799805
0.0032501220703125
0.0031256675720214844
0.003105640411376953
0.003142833709716797
0.003894805908203125
0.003690481185913086
0.0032660961151123047
0.003082275390625
0.003048419952392578
0.0032622814178466797
0.003253936767578125
0.003128528594970703
0.0038595199584960938
0.0030357837677001953
0.0038683414459228516
0.0033066272735595703
0.0030672550201416016
0.003075838088989258
0.0038297176361083984
0.0037889480590820312
0.003294229507446289
0.0030655860900878906
0.0195310115814209
0.003114938735961914
0.003034830093383789
0.0032019615173339844
0.0031125545501708984
0.0031218528747558594
0.0032584667205810547
0.003135204315185547
0.003032207489013672
0.00394892692565918
0.0031478404998779297
0.004063129425048828
0.0032694339752197266
0.00402522087097168
0.0031654834747314453
0.003092527389526367
0.022408723831176758
0.0032699108123779297
0.0030481815338134766
0.0038995742797851562
0.0038928985595703125
0.0032694339752197266
0.003256082534790039
0.0030736923217773438
0.022922039031982422
0.007411956787109375
0.003947734832763672
0.0032355785369873047
0.0030891895294189453
0.003042459487915039
0.003262758255004883
0.0038924217224121094
0.003278493881225586
0.0030841827392578125
0.003144502639770508
0.003197908401489258
0.0039272308349609375
0.0033202171325683594
0.003093719482421875
0.0030875205993652344
0.0031366348266601562
0.0033376216888427734
0.003080129623413086
0.0032186508178710938
0.003019094467163086
0.0040738582611083984
0.003175973892211914
0.0030558109283447266
0.003264904022216797
0.003144979476928711
0.0032181739807128906
0.003247976303100586
0.003280162811279297
0.0040357112884521484
0.0030727386474609375
0.0033304691314697266
0.024846315383911133
0.005278587341308594
0.003949642181396484
0.0031931400299072266
0.0031235218048095703
0.003156423568725586
0.003859281539916992
0.002997875213623047
0.0031278133392333984
0.003271818161010742
0.003253459930419922
0.0038471221923828125
0.02386951446533203
0.02810049057006836
0.005992412567138672
0.0031189918518066406
0.003127574920654297
0.002954721450805664
0.021698713302612305
0.0030579566955566406
0.003269672393798828
0.004045724868774414
0.003256082534790039
0.003114938735961914
0.0033261775970458984
0.003129243850708008
0.0032758712768554688
0.0032923221588134766
0.003306150436401367
0.003969907760620117
0.0031065940856933594
0.0030486583709716797
0.02078866958618164
0.0030965805053710938
0.0031571388244628906
0.0030858516693115234
0.003111600875854492
0.0038995742797851562
0.003929853439331055
0.0031995773315429688
0.0036787986755371094
0.0032265186309814453
0.02083563804626465
0.0051403045654296875
0.0038886070251464844
0.003147602081298828
0.021160602569580078
0.0031299591064453125
0.0030286312103271484
0.003040313720703125
0.004090070724487305
0.00337982177734375
0.003083944320678711
0.02327132225036621
0.003981113433837891
0.0031731128692626953
0.0030541419982910156
0.004074573516845703
0.003873586654663086
0.0033271312713623047
0.003283977508544922
0.0038013458251953125
0.023296833038330078
0.0041081905364990234
0.022641658782958984
0.0031981468200683594
0.003261089324951172
0.0032668113708496094
0.003949403762817383
0.005333662033081055
0.003152132034301758
0.0032989978790283203
0.003222942352294922
0.003248453140258789
0.004197597503662109
0.003810405731201172
0.003100872039794922
0.0038106441497802734
0.003326416015625
0.0030736923217773438
0.0032477378845214844
0.003245115280151367
0.0032460689544677734
0.0031685829162597656
0.0032842159271240234
0.0030930042266845703
0.02333974838256836
0.003357410430908203
0.022844314575195312
0.007228374481201172
0.003087759017944336
0.0031671524047851562
0.003049135208129883
0.003206968307495117
0.003082752227783203
0.004145145416259766
0.0032389163970947266
0.003116607666015625
0.022154569625854492
0.003136873245239258
0.003294706344604492
0.003960847854614258
0.0032808780670166016
0.0031282901763916016
0.003202199935913086
0.003962993621826172
0.02292799949645996
0.003084897994995117
0.003276824951171875
0.0033190250396728516
0.0040056705474853516
0.00396418571472168
0.003348112106323242
0.0031194686889648438
0.003107309341430664
0.003276348114013672
0.0030901432037353516
0.004022836685180664
0.0032727718353271484
0.0032510757446289062
0.0032415390014648438
0.0030481815338134766
0.0032160282135009766
0.0031232833862304688
0.019927024841308594
0.0031087398529052734
0.0030646324157714844
0.00408482551574707
0.0031850337982177734
0.0033588409423828125
0.0032074451446533203
0.00395965576171875
0.003280162811279297
0.00399470329284668
0.003977537155151367
0.003054380416870117
0.02261495590209961
0.00420069694519043
0.02228069305419922
0.02628636360168457
0.006117582321166992
0.003088235855102539
0.0031023025512695312
0.003203153610229492
0.0032143592834472656
0.01929306983947754
0.00403141975402832
0.0031261444091796875
0.0030727386474609375
0.0032753944396972656
0.0030672550201416016
0.0032837390899658203
0.003309011459350586
0.0030677318572998047
0.00311279296875
0.0033257007598876953
0.0033121109008789062
0.023029804229736328
0.0033135414123535156
0.004110097885131836
0.0030744075775146484
0.003941059112548828
0.003314971923828125
0.003147602081298828
0.0032525062561035156
0.003315448760986328
0.02033829689025879
0.0032851696014404297
0.024686574935913086
0.005773305892944336
0.0032188892364501953
0.003094911575317383
0.003328084945678711
0.003053426742553711
0.004010677337646484
0.003793001174926758
0.003269195556640625
0.003247499465942383
0.0031354427337646484
0.003152608871459961
0.0032625198364257812
0.0032684803009033203
0.0031032562255859375
0.0030379295349121094
0.003138303756713867
0.0030851364135742188
0.0031414031982421875
0.003245115280151367
0.0031561851501464844
0.003924131393432617
0.020315170288085938
0.0030791759490966797
0.0031061172485351562
0.003072500228881836
0.0030889511108398438
0.0030536651611328125
0.003255128860473633
0.003124237060546875
0.024499893188476562
0.003839254379272461
0.0040531158447265625
0.003974437713623047
0.003782510757446289
0.003305196762084961
0.003279447555541992
0.0038967132568359375
0.003226757049560547
0.0038712024688720703
0.003944873809814453
0.0032317638397216797
0.0032057762145996094
0.003087759017944336
0.003857135772705078
0.0030498504638671875
0.0030870437622070312
0.003229856491088867
0.00325775146484375
0.026551485061645508
0.007541656494140625
0.0031096935272216797
0.003908634185791016
0.0030934810638427734
0.003063678741455078
0.00410771369934082
0.0038950443267822266
0.003116130828857422
0.0037975311279296875
0.0031270980834960938
0.0033118724822998047
0.024526357650756836
0.0067327022552490234
0.0030829906463623047
0.0032346248626708984
0.003148794174194336
0.003297567367553711
0.003039836883544922
0.003124713897705078
0.025969266891479492
0.006231546401977539
0.003283977508544922
0.0031049251556396484
0.004113197326660156
0.0032067298889160156
0.0032498836517333984
0.003879070281982422
0.0031893253326416016
0.0038869380950927734
0.0038144588470458984
0.003111600875854492
0.003098011016845703
0.003891468048095703
0.003117084503173828
0.0038623809814453125
0.003137350082397461
0.0032854080200195312
0.0032813549041748047
0.0032181739807128906
0.003286600112915039
0.0030388832092285156
0.02271556854248047
0.004000663757324219
0.021039485931396484
0.003231048583984375
0.003236055374145508
0.02465081214904785
0.0047168731689453125
0.0032355785369873047
0.02271103858947754
0.0041103363037109375
0.0040094852447509766
0.0031058788299560547
0.0038063526153564453
0.0037119388580322266
0.0031478404998779297
0.022133350372314453
0.008358001708984375
0.0032541751861572266
0.003037691116333008
0.003265857696533203
0.0031244754791259766
0.0032427310943603516
0.0030579566955566406
0.0030422210693359375
0.0032885074615478516
0.0030999183654785156
0.0032782554626464844
0.003070831298828125
0.0032634735107421875
0.0030498504638671875
0.0039904117584228516
0.003016233444213867
0.0031342506408691406
0.0201265811920166
0.02460622787475586
0.0033500194549560547
0.003113269805908203
0.0030138492584228516
0.0030641555786132812
0.003030538558959961
0.0030570030212402344
0.003058910369873047
0.0030450820922851562
0.003289461135864258
0.003239870071411133
0.0030672550201416016
0.004037380218505859
0.003133535385131836
0.0030400753021240234
0.00328826904296875
0.02053666114807129
0.0030858516693115234
0.019686460494995117
0.003215312957763672
0.003271341323852539
0.0033042430877685547
0.024480342864990234
0.0072383880615234375
0.0041506290435791016
0.02298140525817871
0.0233156681060791
0.00310516357421875
0.0030956268310546875
0.0032989978790283203
0.022387027740478516
0.0031576156616210938
0.003047466278076172
0.0032799243927001953
0.003093719482421875
0.003093719482421875
0.003240346908569336
0.003975629806518555
0.0033109188079833984
0.0030379295349121094
0.003083944320678711
0.003989458084106445
0.003100872039794922
0.0032968521118164062
0.0032851696014404297
0.0032596588134765625
0.0196382999420166
0.0031468868255615234
0.003102540969848633
0.0032987594604492188
0.0030651092529296875
0.0040819644927978516
0.023323535919189453
0.003152132034301758
0.003099203109741211
0.0032837390899658203
0.0031294822692871094
0.003057241439819336
0.0030612945556640625
0.004106283187866211
0.0039255619049072266
0.020446062088012695
0.0076677799224853516
0.005974531173706055
0.003878355026245117
0.0032994747161865234
0.02264404296875
0.004198789596557617
0.0039463043212890625
0.02118968963623047
0.007482051849365234
0.003306150436401367
0.0030362606048583984
0.003119945526123047
0.004023313522338867
0.003129243850708008
0.003093719482421875
0.003282308578491211
0.0032622814178466797
0.02070903778076172
0.025068044662475586
0.0030846595764160156
0.0032749176025390625
0.020552396774291992
0.0031740665435791016
0.023747682571411133
0.007001638412475586
0.004214286804199219
0.0030257701873779297
0.0032913684844970703
0.0030410289764404297
0.0040128231048583984
0.0032749176025390625
0.00325775146484375
0.0030994415283203125
0.003099203109741211
0.003223896026611328
0.0032155513763427734
0.0033109188079833984
0.0218660831451416
0.0075871944427490234
0.02404189109802246
0.00418853759765625
0.0032684803009033203
0.0033197402954101562
0.02335500717163086
0.003055095672607422
0.003026723861694336
0.0030281543731689453
0.0040590763092041016
0.003162384033203125
0.0030868053436279297
0.003187894821166992
0.0030341148376464844
0.0030274391174316406
0.003114938735961914
0.003347158432006836
0.003055572509765625
0.0032258033752441406
0.003142118453979492
0.002989530563354492
0.003038167953491211
0.0032296180725097656
0.003071308135986328
0.003295421600341797
0.003267526626586914
0.003998279571533203
0.003245830535888672
0.0032482147216796875
0.003960847854614258
0.00324249267578125
0.0032002925872802734
0.0032668113708496094
0.0032372474670410156
0.003926753997802734
0.02332782745361328
0.007570743560791016
0.006622314453125
0.0030655860900878906
0.0030634403228759766
0.00399470329284668
0.003217935562133789
0.003125905990600586
0.0030517578125
0.003939390182495117
0.0031423568725585938
0.0032770633697509766
0.003081798553466797
0.003105640411376953
0.003074169158935547
0.0032792091369628906
0.0032472610473632812
0.0030565261840820312
0.003115415573120117
0.0030808448791503906
0.003975868225097656
0.00393223762512207
0.0031557083129882812
0.023358583450317383
0.007700204849243164
0.00577998161315918
0.0032906532287597656
0.0030422210693359375
0.0032486915588378906
0.0032744407653808594
0.003114938735961914
0.003147125244140625
0.0032265186309814453
0.0032019615173339844
0.0032045841217041016
0.004035472869873047
0.0031235218048095703
0.0032968521118164062
0.003943920135498047
0.003941774368286133
0.003935575485229492
0.02172398567199707
0.0037889480590820312
0.003091096878051758
0.0037508010864257812
0.0033104419708251953
0.003755807876586914
0.0032100677490234375
0.0032417774200439453
0.0030717849731445312
0.0038480758666992188
0.0031762123107910156
0.0032112598419189453
0.0030829906463623047
0.0032901763916015625
0.003097057342529297
0.003141164779663086
0.003065824508666992
0.02200603485107422
0.024873733520507812
0.006558895111083984
0.00399470329284668
0.0032808780670166016
0.003304004669189453
0.0030481815338134766
0.003186941146850586
0.003055572509765625
0.02066779136657715
0.04185080528259277
0.004162311553955078
0.0031213760375976562
0.0038404464721679688
0.003114461898803711
0.004003763198852539
0.003138303756713867
0.003112316131591797
0.02039623260498047
0.0031347274780273438
0.0030663013458251953
0.0030710697174072266
0.0033447742462158203
0.0030760765075683594
0.003129243850708008
0.003080129623413086
0.003087282180786133
0.0030982494354248047
0.003055572509765625
0.004087686538696289
0.004036903381347656
0.0037920475006103516
0.019739866256713867
0.007782697677612305
0.0057795047760009766
0.020428180694580078
0.0039958953857421875
0.003047466278076172
0.004135847091674805
0.0032334327697753906
0.003125429153442383
0.003152132034301758
0.003267049789428711
0.0031974315643310547
0.003277301788330078
0.0039370059967041016
0.0038344860076904297
0.020807981491088867
0.0032753944396972656
0.0039424896240234375
0.0030977725982666016
0.02168416976928711
0.0031044483184814453
0.0030639171600341797
0.0030188560485839844
0.003119230270385742
0.0032854080200195312
0.0032372474670410156
0.021801233291625977
0.003296375274658203
0.0030698776245117188
0.003245830535888672
0.0031731128692626953
0.0032782554626464844
0.003113269805908203
0.004085540771484375
0.0032968521118164062
0.0030448436737060547
0.003870248794555664
0.003827333450317383
0.003933429718017578
0.003096342086791992
0.003767251968383789
0.0031495094299316406
0.0032575130462646484
0.0032172203063964844
0.0032782554626464844
0.0038144588470458984
0.003288745880126953
0.003117084503173828
0.0031011104583740234
0.0030717849731445312
0.0032453536987304688
0.0031080245971679688
0.003178119659423828
0.0030918121337890625
0.019676923751831055
0.026606082916259766
0.0040743350982666016
0.003920078277587891
0.0033414363861083984
0.0030908584594726562
0.003055572509765625
0.004002809524536133
0.0039484500885009766
0.003185272216796875
0.003177642822265625
0.0030846595764160156
0.003072500228881836
0.0030374526977539062
0.0031092166900634766
0.0032677650451660156
0.003955364227294922
0.0032684803009033203
0.003049135208129883
0.021712779998779297
0.0030705928802490234
0.003921985626220703
0.004090070724487305
0.0029811859130859375
0.003110170364379883
0.0038161277770996094
0.0030040740966796875
0.0031232833862304688
0.0032570362091064453
0.003275156021118164
0.003040790557861328
0.003981828689575195
0.02392888069152832
0.0033330917358398438
0.0031347274780273438
0.022556304931640625
0.0031991004943847656
0.0032083988189697266
0.003053903579711914
0.003038167953491211
0.0032656192779541016
0.0030608177185058594
0.003046751022338867
0.003263711929321289
0.004008054733276367
0.00324249267578125
0.003276348114013672
0.0030031204223632812
0.04183077812194824
0.005180835723876953
0.0031669139862060547
0.0032982826232910156
0.00308990478515625
0.003220796585083008
0.0030794143676757812
0.003061056137084961
0.0033371448516845703
0.003063201904296875
0.0031642913818359375
0.0030927658081054688
0.004015445709228516
0.0033020973205566406
0.0032758712768554688
0.003134489059448242
0.003233671188354492
0.003093242645263672
0.003232717514038086
0.0030989646911621094
0.022427797317504883
0.024491071701049805
0.00629115104675293
0.0030922889709472656
0.02423381805419922
0.023204803466796875
0.003161191940307617
0.004069089889526367
0.0032808780670166016
0.004100322723388672
0.003050088882446289
0.0030748844146728516
0.0038635730743408203
0.039736270904541016
0.00503993034362793
0.0033135414123535156
0.003098011016845703
0.0032286643981933594
0.0032427310943603516
0.004029750823974609
0.0031557083129882812
0.003093242645263672
0.003269195556640625
0.0030951499938964844
0.026482105255126953
0.0053217411041259766
0.0030722618103027344
0.0032501220703125
0.003955841064453125
0.003267526626586914
0.003251791000366211
0.0032548904418945312
0.0031104087829589844
0.0032851696014404297
0.0030946731567382812
0.003065347671508789
0.003253459930419922
0.0030384063720703125
0.0030889511108398438
0.003094196319580078
0.003248929977416992
0.0030782222747802734
0.0031042098999023438
0.0030345916748046875
0.004025459289550781
0.0032858848571777344
0.004064321517944336
0.003931999206542969
0.0032596588134765625
0.0033071041107177734
0.00312042236328125
0.0030815601348876953
0.003801107406616211
0.0031032562255859375
0.003810405731201172
0.0030641555786132812
0.02136540412902832
0.0031833648681640625
0.003269672393798828
0.023196935653686523
0.007383584976196289
0.0032711029052734375
0.0030553340911865234
0.0247957706451416
0.006592750549316406
0.0033032894134521484
0.003071308135986328
0.0032837390899658203
0.003227710723876953
0.003981113433837891
0.003977537155151367
0.003805875778198242
0.0032324790954589844
0.003272533416748047
0.003075838088989258
0.003065347671508789
0.003922462463378906
0.0030624866485595703
0.003059864044189453
0.0039157867431640625
0.0030791759490966797
0.0030655860900878906
0.003991842269897461
0.019579410552978516
0.00671076774597168
0.0042455196380615234
0.021021604537963867
0.0031557083129882812
0.003126859664916992
0.003287076950073242
0.05859732627868652
0.0059108734130859375
0.0031213760375976562
0.003216266632080078
0.003217935562133789
0.06058859825134277
0.007953882217407227
0.004161357879638672
0.003204345703125
0.003331422805786133
0.0442354679107666
0.0038285255432128906
0.003294706344604492
0.021512508392333984
0.04213571548461914
0.027411460876464844
0.004521846771240234
0.003202199935913086
0.020366191864013672
0.004087686538696289
0.004029512405395508
0.004002094268798828
0.0031371116638183594
0.003914594650268555
0.003142118453979492
0.0038118362426757812
0.003763914108276367
0.003782510757446289
0.003048419952392578
0.023220300674438477
0.0033721923828125
0.0032460689544677734
0.003092050552368164
0.0032460689544677734
0.020932674407958984
0.008429527282714844
0.003075838088989258
0.003918170928955078
0.0032329559326171875
0.0031828880310058594
0.0030395984649658203
0.0030536651611328125
0.0038831233978271484
0.003884553909301758
0.003265380859375
0.0033113956451416016
0.0037431716918945312
0.0032625198364257812
0.02346062660217285
0.021508455276489258
0.003081083297729492
0.004117488861083984
0.003016233444213867
0.021204710006713867
0.0031130313873291016
0.003258943557739258
0.004160642623901367
0.003264188766479492
0.003186941146850586
0.0031423568725585938
0.0031440258026123047
0.0032596588134765625
0.003357410430908203
0.0030934810638427734
0.003136873245239258
0.0031855106353759766
0.004029512405395508
0.0030901432037353516
0.0031118392944335938
0.003006458282470703
0.0031092166900634766
0.003099203109741211
0.00407099723815918
0.003320932388305664
0.019565820693969727
0.003294229507446289
0.02176976203918457
0.0033087730407714844
0.0030417442321777344
0.0031328201293945312
0.003072977066040039
0.004044294357299805
0.004021644592285156
0.0032804012298583984
0.0032362937927246094
0.0030364990234375
0.003101348876953125
0.003244161605834961
0.0031974315643310547
0.003835439682006836
0.003217458724975586
0.0031762123107910156
0.003931522369384766
0.003752470016479492
0.003828287124633789
0.003116607666015625
0.003274202346801758
0.020078659057617188
0.003116130828857422
0.022567272186279297
0.006470203399658203
0.0032651424407958984
0.019349098205566406
0.004168272018432617
0.003217458724975586
0.02255725860595703
0.024388790130615234
0.007571697235107422
0.0032477378845214844
0.003276348114013672
0.0030133724212646484
0.003985881805419922
0.003144979476928711
0.0032806396484375
0.0032606124877929688
0.004000186920166016
0.003136157989501953
0.04817080497741699
0.003506183624267578
0.0033135414123535156
0.022287368774414062
0.00400233268737793
0.0038025379180908203
0.003177165985107422
0.0031278133392333984
0.0032634735107421875
0.021526098251342773
0.00806283950805664
0.0077669620513916016
0.003336668014526367
0.0038909912109375
0.003073453903198242
0.003164052963256836
0.003347635269165039
0.003096342086791992
0.0031325817108154297
0.003107786178588867
0.0030829906463623047
0.003072500228881836
0.002992868423461914
0.0032563209533691406
0.003082752227783203
0.003062725067138672
0.004015684127807617
0.0032253265380859375
0.0033075809478759766
0.003055572509765625
0.0040035247802734375
0.003084897994995117
0.003021717071533203
0.0030422210693359375
0.043834686279296875
0.02184772491455078
0.006346464157104492
0.003088235855102539
0.0033049583435058594
0.0210726261138916
0.0034041404724121094
0.003278970718383789
0.02515411376953125
0.04446291923522949
0.00551152229309082
0.00403285026550293
0.004024505615234375
0.003861665725708008
0.004004001617431641
0.003272533416748047
0.0031168460845947266
0.0039098262786865234
0.0032007694244384766
0.0038480758666992188
0.02861952781677246
0.003161907196044922
0.0032806396484375
0.0032896995544433594
0.004068851470947266
0.029569387435913086
0.006261110305786133
0.0030341148376464844
0.003229856491088867
0.003049612045288086
0.003097057342529297
0.003041982650756836
0.0030202865600585938
0.02373504638671875
0.004171848297119141
0.024273395538330078
0.00799560546875
0.0052852630615234375
0.003148794174194336
0.026031494140625
0.02219557762145996
0.0031900405883789062
0.0031158924102783203
0.0030965805053710938
0.0032591819763183594
0.0030896663665771484
0.0030701160430908203
0.003259897232055664
0.0031113624572753906
0.0030355453491210938
0.0030786991119384766
0.003217458724975586
0.0030596256256103516
0.003292560577392578
0.026292085647583008
0.025159597396850586
0.007102012634277344
0.0031507015228271484
0.003238677978515625
0.003137826919555664
0.0031332969665527344
0.003272533416748047
0.003252267837524414
0.003106832504272461
0.0030519962310791016
0.0031478404998779297
0.0040853023529052734
0.003148317337036133
0.0031325817108154297
0.0032672882080078125
0.0032193660736083984
0.0032629966735839844
0.003060579299926758
0.0031125545501708984
0.003940582275390625
0.003887653350830078
0.0030672550201416016
0.0032231807708740234
0.0031163692474365234
0.003288745880126953
0.003768444061279297
0.003034353256225586
0.003078937530517578
0.0030770301818847656
0.0030875205993652344
0.004030466079711914
0.021650314331054688
0.003075838088989258
0.0030298233032226562
0.0030257701873779297
0.0032067298889160156
0.0032291412353515625
0.021886110305786133
0.0061647891998291016
0.004019021987915039
0.004181861877441406
0.003792285919189453
0.0031528472900390625
0.0032186508178710938
0.003812551498413086
0.0031185150146484375
0.003199338912963867
0.022016286849975586
0.024729013442993164
0.005158901214599609
0.003284454345703125
0.003957033157348633
0.0030875205993652344
0.0030689239501953125
0.004154205322265625
0.0032405853271484375
0.003838777542114258
0.0030965805053710938
0.003319978713989258
0.0037593841552734375
0.003118276596069336
0.0030906200408935547
0.0032777786254882812
0.003142833709716797
0.003073453903198242
0.003937959671020508
0.022921085357666016
0.003160238265991211
0.003259897232055664
0.0032579898834228516
0.0038666725158691406
0.003253459930419922
0.003904104232788086
0.003194093704223633
0.020358800888061523
0.007944107055664062
0.003139972686767578
0.0031104087829589844
0.04197192192077637
0.005266666412353516
0.004114389419555664
0.003336191177368164
0.003847837448120117
0.042862892150878906
0.02428579330444336
0.0057828426361083984
0.003124237060546875
0.0038139820098876953
0.0031197071075439453
0.003879547119140625
0.0032587051391601562
0.0037660598754882812
0.04494071006774902
0.024688005447387695
0.007604837417602539
0.004114866256713867
0.003199338912963867
0.004027843475341797
0.003072023391723633
0.003128528594970703
0.0032858848571777344
0.003202676773071289
0.0038704872131347656
0.003894805908203125
0.0032858848571777344
0.0030465126037597656
0.003774881362915039
0.003297090530395508
0.0037679672241210938
0.003921031951904297
0.003275632858276367
0.0031914710998535156
0.02211737632751465
0.004114866256713867
0.003090381622314453
0.003102540969848633
0.00394749641418457
0.003803253173828125
0.024802207946777344
0.005067586898803711
0.003328084945678711
0.0031502246856689453
0.0041120052337646484
0.0031647682189941406
0.003927946090698242
0.003962993621826172
0.019806861877441406
0.04407787322998047
0.0033965110778808594
0.004098176956176758
0.02229452133178711
0.003291606903076172
0.003080606460571289
0.0030443668365478516
0.004097700119018555
0.003136157989501953
0.002989053726196289
0.0032401084899902344
0.0030651092529296875
0.004006624221801758
0.0030624866485595703
0.0030851364135742188
0.021870136260986328
0.0032432079315185547
0.003281831741333008
0.003085613250732422
0.0032453536987304688
0.003084897994995117
0.0032434463500976562
0.0032575130462646484
0.003258228302001953
0.0031774044036865234
0.004034757614135742
0.003082752227783203
0.0032808780670166016
0.0031142234802246094
0.003141164779663086
0.0030531883239746094
0.02321338653564453
0.008203983306884766
0.006056785583496094
0.02169489860534668
0.0031647682189941406
0.0031173229217529297
0.003126382827758789
0.003182649612426758
0.004026889801025391
0.003221273422241211
0.003113269805908203
0.003124713897705078
0.003136873245239258
0.003809690475463867
0.0033011436462402344
0.023263931274414062
0.005566596984863281
0.0031273365020751953
0.0039408206939697266
0.003275156021118164
0.0032334327697753906
0.0031325817108154297
0.003923654556274414
0.0033464431762695312
0.0039784908294677734
0.003962039947509766
0.0032639503479003906
0.0032863616943359375
0.0030219554901123047
0.0031583309173583984
0.003984689712524414
0.003155946731567383
0.0037109851837158203
0.0031011104583740234
0.003058195114135742
0.0030851364135742188
0.0037994384765625
0.003071308135986328
0.0030395984649658203
0.02308034896850586
0.04127335548400879
0.007588386535644531
0.003108501434326172
0.003070831298828125
0.0039708614349365234
0.003285646438598633
0.003251314163208008
0.003139495849609375
0.02040719985961914
0.005339622497558594
0.004004716873168945
0.0031478404998779297
0.0033435821533203125
0.0030875205993652344
0.040750980377197266
0.0236361026763916
0.003409862518310547
0.020541667938232422
0.007948160171508789
0.02228093147277832
0.022955656051635742
0.005674123764038086
0.0032584667205810547
0.003105640411376953
0.02095508575439453
0.0031156539916992188
0.0030546188354492188
0.0032973289489746094
0.0033140182495117188
0.0030694007873535156
0.02337932586669922
0.0051004886627197266
0.0031054019927978516
0.0030837059020996094
0.0030908584594726562
0.003063201904296875
0.003169536590576172
0.003021240234375
0.0032567977905273438
0.004080057144165039
0.0038826465606689453
0.0032863616943359375
0.0037522315979003906
0.0032939910888671875
0.003106355667114258
0.003072023391723633
0.0038797855377197266
0.003087759017944336
0.003099679946899414
0.003061532974243164
0.003246784210205078
0.003167867660522461
0.0033299922943115234
0.0038251876831054688
0.0032248497009277344
0.0032434463500976562
0.003173351287841797
0.0030624866485595703
0.0032219886779785156
0.0031042098999023438
0.0031914710998535156
0.003119230270385742
0.004111766815185547
0.003951311111450195
0.003877401351928711
0.003928184509277344
0.0031054019927978516
0.0032334327697753906
0.0032753944396972656
0.0032689571380615234
0.003151416778564453
0.0030333995819091797
0.0030508041381835938
0.0030422210693359375
0.0033349990844726562
0.0038487911224365234
0.003079652786254883
0.003264904022216797
0.0030510425567626953
0.0030946731567382812
0.003084421157836914
0.0030345916748046875
